testSet= struct();
testSet.labels = ['length       ';'lines        ';'includesCount';'loops        ';'vars         '];
testSet.length = [933,954,448,677,1206,441,2332,1208,1368,589,5735,936,1366,1770,654,1732,905,599,485,3157,763,497,2179,596,1531,531,590,1801,866,741,20585,2161,1176,1265,896,883,387,884,581,872,834,2139,660,1536,2529,1125,2247,2187,12893,1033,748,779,1614,1370,898,1275,434,696,865,774,763,1914,1150,589,2508,581,1530,718,1505,1571,1614,702,1756,796,1218,430,550,907,1380,1516,1143,651,513,664,1254,509,690,2098,750,1085,2527,1065,674,1292,772,2117,648,711,1629,634,1129,1338,944,992,1747,572,585,1599,570,509,574,1126,1712,1051,1076,769,704,756,1036,842,667,706,734,1530,1107,695,1458,1089,1001,653,769,1580,730,722,573,6148,748,1025,1385,896,888,775,930,2313,867,1211,12683,2081,1137,952,1753,710,692,2349,693,845,502,858,1168,1904,612,4773,446,875,537,825,1942,903,398,897,852,594,17511,1314,833,369,8031,1922,993,723,906,778,1501,765,1061,1189,1324,880,1709,648,1260,5220,934,605,711,808,759,527,920,667,1735,2463,1249,869,609,1812,1164,940,887,553,428,1923,575,736,1301,791,812,2110,794,668,1007,26437,428,988,930,559,2031,1099,964,794,3586,435,2190,1636,11123,588,1610,416,951,1015,362,823,769,907,442,1979,1397,872,4268,771,828,812,872,1097,779,722,555,1171,739,2032,1248,905,1102,1291,974,674,1727,1250,828,989,923,527,544,561,950,784,1472,962,855,1539,802,7475,780,1233,10338,702,925,2994,1309,1615,1112,838,1114,1057,837,933,697,727,803,1630,610,2439,651,813,662,598,475,629,1361,598,630,655,1587,982,1207,1584,1437,1221,2919,676,496,1433,4759,787,644,780,1190,854,610,1391,815,1024,649,1764,1836,806,827,1491,570,1578,1122,1029,1190,964,733,465,507,1423,833,571,451,1727,704,1348,1430,1298,981,653,818,1554,1391,589,1632,1097,393,774,522,953,982,949,3454,847,5102,838,543,518,704,1398,574,1536,746,903,904,551,858,1399,816,1435,415,485,1470,1342,572,962,1008,821,1344,497,1354,1420,537,536,3384,943,394,3029,597,433,980,924,633,1081,946,4270,1331,648,597,3555,806,859,609,906,680,869,552,713,4624,851,830,1030,1390,383,1749,680,412,1094,679,425,1052,491,759,1116,547,565,649,1689,911,598,1108,353,634,498,731,818,963,654,889,756,995,800,2321,747,811,17687,756,536,761,893,1495,696,986,712,1724,998,592,407,796,969,1286,1755,1003,1732,4834,1221,1914,973,2200,2168,1029,893,823,694,593,752,859,1796,632,900,640,807,881,1607,2283,845,917,1528,835,667,586,1094,1092,511,771,1126,621,620,1196,3871,1152,865,974,1549,900,7371,2430,1522,1154,844,336,1173,6119,1162,853,411,685,1162,979,5907,987,1047,886,793,559,1771,6422,1958,973,13799,568,513,1281,370,513,574,401,935,1652,1155,429,2197,2664,908,539,1609,1171,2058,1778,759,611,760,948,1332,1858,1181,751,1500,470,709,428,708,1243,857,619,4558,2167,434,673,1306,582,1868,500,1594,607,700,1955,1464,1394,478,872,892,469,1358,597,3204,685,894,2552,873,829,1620,357,2141,559,337,443,874,557,587,672,597,1320,413,344,845,765,1437,1590,1766,2630,729,1403,1140,504,560,1013,369,623,815,596,892,1718,884,4841,935,531,1047,601,919,767,1242,592,577,441,1261,1744,11039,6428,504,938,985,542,522,450,2078,776,854,964,883,648,534,1239,933,410,524,390,380,402,6301,2146,32082,964,625,1009,384,920,856,463,977,518,732,1582,1560,640,823,466,5262,1110,885,832,485,440,799,374,362,617,582,1563,487,377,533,588,364,664,367,2642,1333,1055,336,1134,510,764,696,959,900,935,808,700,660,862,360,310,438,564,827,640,1222,1194,651,546,1423,485,833,871,476,837,615,1078,538,2736,262,792,985,477,599,625,1225,578,1735,654,1340,652,1627,536,599,694,600,524,666,3503,1100,600,747,1009,774,455,2628,415,447,808,1584,844,818,426,727,893,10708,660,755,641,1065,469,1312,1797,588,493,973,1287,912,280,722,815,1292,514,293,572,1545,1018,376,448,2067,411,199,784,590,982,307,734,765,39,1018,979,490,922,744,1502,241,896,905,522,850,513,863,813,644,832,1264,529,529,642,949,468,803,538,824,968,541,472,287,781,666,570,1468,486,538,1085,1338,6928,806,1261,1528,510,585,753,321,479,500,668,519,968,1932,466,1262,680,756,1324,476,1055,519,643,1018,831,1176,1798,797,522,577,432,691,1165,499,325,537,855,589,749,1140,398,594,646,1180,888,775,1134,766,332,666,297,757,1145,1103,1304,395,1150,664,657,671,397,432,578,462,640,829,2242,519,862,583,419,576,672,1068,1933,2047,675,602,638,893,684,542,431,559,431,651,876,534,1408,676,435,383,1395,422,446,713,715,937,1245,322,665,846,422,423,268,838,480,791,1008,1235,477,959,1075,548,787,824,563,1304,875,349,1006,387,677,939,496,561,614,483,835,1153,322,693,403,673,1216,439,874,924,1743,440,402,715,667,1785,2111,452,922,469,567,1116,1021,520,430,986,404,480,631,525,617,730,1278,890,616,1292,6353,414,781,589,1011,903,1957,598,856,1080,915,913,6994,718,577,345,770,891,616,413,507,4430,524,833,644,969,504,1029,1118,380,411,672,851,1399,332,559,336,411,506,925,971,356,1489,953,415,364,424,514,638,838,629,2271,888,340,1200,798,3674,403,868,629,568,1210,1446,636,678,599,487,387,611,736,551,3288,492,544,1385,1505,533,401,4196,854,1245,600,643,1023,721,486,496,1091,682,657,775,507,646,483,1508,582,427,1318,525,739,769,397,408,4413,390,404,1058,874,551,438,638,564,483,1370,686,985,532,2162,1320,804,517,619,832,684,401,555,1940,542,912,543,587,493,816,562,2592,1425,1216,887,865,1067,525,1264,462,551,965,592,1937,744,426,1600,423,1201,381,20950,645,494,2186,798,1000,1397,350,1324,477,694,459,396,958,1054,449,626,368,415,527,475,2349,504,636,649,971,548,1481,636,847,1329,2446,573,513,803,933,1305,1125,696,664,720,1496,495,1842,677,716,929,1598,966,582,698,411,681,494,456,539,457,495,1076,1177,492,693,759,651,775,1321,472,670,766,754,536,4618,359,1011,1090,938,1240,683,878,1159,597,1905,1444];
