largeSet= struct();
largeSet.labels = ['length       ';'lines        ';'includesCount';'loops        ';'vars         '];
largeSet.length = [4304,3418,2656,3474,4050,5700,3425,5459,5050,2762,4982,3696,2790,3925,2862,2763,3709,2734,3026,2702,3178,2245,1995,1809,4309,1828,3581,3604,3828,2204,2312,3123,2239,3135,3377,4279,3794,4021,4536,2221,2305,2164,3184,4532,4534,2643,5707,3980,3199,2345,2659,3891,2858,3565,3463,5233,2092,959,3859,9022,4683,3765,3273,2332,8018,3209,5998,4537,3115,2346,2695,4161,4009,5406,4094,3619,4068,3589,4593,2033,3528,4377,2709,8369,2498,6624,3067,2828,1832,4838,1932,3469,6274,3129,3474,99,2655,3181,3348,5037,4198,3971,4110,5577,3298,5085,2342,3809,2932,2440,3627,2566,6212,1409,3812,6450,2778,2736];
largeSet.lines = [168,131,150,168,200,198,143,148,187,116,280,152,121,170,121,176,160,122,137,143,118,79,102,81,236,115,202,188,147,113,107,154,121,108,122,166,186,214,226,116,133,81,165,218,159,95,193,191,141,114,142,149,150,131,167,311,116,18,135,269,184,191,167,119,316,141,228,222,160,107,130,174,178,178,290,174,193,143,157,54,200,157,132,294,148,284,181,144,96,176,84,128,244,133,148,7,140,111,150,174,205,160,140,190,144,263,104,137,102,140,169,107,264,63,256,260,84,85];
largeSet.includesCount = [5,7,10,6,3,22,14,15,12,0,14,7,15,15,3,2,5,5,11,11,21,5,1,3,13,3,8,13,13,7,5,5,6,4,3,15,2,14,9,14,8,3,16,6,22,4,13,15,15,8,4,21,4,19,3,3,3,1,19,6,11,16,6,4,17,11,4,5,12,4,5,16,17,2,3,9,23,4,20,22,8,10,5,4,16,11,1,23,8,7,1,11,9,14,14,1,3,2,5,14,6,16,13,25,6,13,3,15,2,3,3,6,19,14,4,4,2,2];
largeSet.loops = [15,19,15,18,26,5,21,8,23,10,1,19,1,10,16,26,14,19,9,14,12,16,15,11,4,16,14,1,2,16,1,19,16,18,24,4,15,2,20,10,12,15,0,19,12,15,2,18,7,17,18,1,17,3,17,23,15,1,26,35,31,23,17,9,22,21,21,29,9,12,15,13,6,24,26,22,1,16,25,1,13,14,16,29,1,21,14,1,1,3,20,10,20,12,2,0,9,10,8,20,18,3,3,6,18,2,13,23,15,15,15,10,13,1,23,16,10,10];
largeSet.vars = [49,39,28,43,47,28,49,47,53,17,32,39,21,21,27,40,33,24,21,38,27,24,15,20,37,29,28,34,23,34,16,29,28,28,52,23,40,35,37,28,29,17,20,34,37,23,28,46,33,15,34,24,31,11,17,54,39,3,50,113,13,55,43,19,63,38,55,60,32,29,34,39,25,28,26,40,26,35,44,6,39,43,33,53,26,38,24,35,16,33,10,33,68,39,27,1,25,20,20,21,14,33,27,38,18,31,15,36,30,15,38,14,59,13,40,40,2,2];
largeSet.states = [1,1,1,1,1,1,1,1,1,1,1,1,1,1,1,1,1,1,1,1,1,1,1,1,1,1,1,1,1,1,1,1,1,1,1,1,1,1,1,1,1,1,1,1,1,1,1,1,1,1,1,1,1,1,1,1,1,1,1,1,1,1,1,1,1,1,1,1,1,1,1,1,1,1,1,1,1,1,1,1,1,1,1,1,1,1,1,1,1,1,1,1,1,1,1,1,1,1,1,1,1,1,1,1,1,1,1,1,1,1,1,1,1,1,1,1,1,1];
largeSet.features = [4304,3418,2656,3474,4050,5700,3425,5459,5050,2762,4982,3696,2790,3925,2862,2763,3709,2734,3026,2702,3178,2245,1995,1809,4309,1828,3581,3604,3828,2204,2312,3123,2239,3135,3377,4279,3794,4021,4536,2221,2305,2164,3184,4532,4534,2643,5707,3980,3199,2345,2659,3891,2858,3565,3463,5233,2092,959,3859,9022,4683,3765,3273,2332,8018,3209,5998,4537,3115,2346,2695,4161,4009,5406,4094,3619,4068,3589,4593,2033,3528,4377,2709,8369,2498,6624,3067,2828,1832,4838,1932,3469,6274,3129,3474,99,2655,3181,3348,5037,4198,3971,4110,5577,3298,5085,2342,3809,2932,2440,3627,2566,6212,1409,3812,6450,2778,2736;168,131,150,168,200,198,143,148,187,116,280,152,121,170,121,176,160,122,137,143,118,79,102,81,236,115,202,188,147,113,107,154,121,108,122,166,186,214,226,116,133,81,165,218,159,95,193,191,141,114,142,149,150,131,167,311,116,18,135,269,184,191,167,119,316,141,228,222,160,107,130,174,178,178,290,174,193,143,157,54,200,157,132,294,148,284,181,144,96,176,84,128,244,133,148,7,140,111,150,174,205,160,140,190,144,263,104,137,102,140,169,107,264,63,256,260,84,85;5,7,10,6,3,22,14,15,12,0,14,7,15,15,3,2,5,5,11,11,21,5,1,3,13,3,8,13,13,7,5,5,6,4,3,15,2,14,9,14,8,3,16,6,22,4,13,15,15,8,4,21,4,19,3,3,3,1,19,6,11,16,6,4,17,11,4,5,12,4,5,16,17,2,3,9,23,4,20,22,8,10,5,4,16,11,1,23,8,7,1,11,9,14,14,1,3,2,5,14,6,16,13,25,6,13,3,15,2,3,3,6,19,14,4,4,2,2;15,19,15,18,26,5,21,8,23,10,1,19,1,10,16,26,14,19,9,14,12,16,15,11,4,16,14,1,2,16,1,19,16,18,24,4,15,2,20,10,12,15,0,19,12,15,2,18,7,17,18,1,17,3,17,23,15,1,26,35,31,23,17,9,22,21,21,29,9,12,15,13,6,24,26,22,1,16,25,1,13,14,16,29,1,21,14,1,1,3,20,10,20,12,2,0,9,10,8,20,18,3,3,6,18,2,13,23,15,15,15,10,13,1,23,16,10,10;49,39,28,43,47,28,49,47,53,17,32,39,21,21,27,40,33,24,21,38,27,24,15,20,37,29,28,34,23,34,16,29,28,28,52,23,40,35,37,28,29,17,20,34,37,23,28,46,33,15,34,24,31,11,17,54,39,3,50,113,13,55,43,19,63,38,55,60,32,29,34,39,25,28,26,40,26,35,44,6,39,43,33,53,26,38,24,35,16,33,10,33,68,39,27,1,25,20,20,21,14,33,27,38,18,31,15,36,30,15,38,14,59,13,40,40,2,2];
largeSet.binaryFeatures = [1,1,0,1,1,1,1,1,1,0,1,1,0,1,1,0,1,0,1,0,1,0,0,0,1,0,1,1,1,0,0,1,0,1,1,1,1,1,1,0,0,0,1,1,1,0,1,1,1,0,0,1,1,1,1,1,0,0,1,1,1,1,1,0,1,1,1,1,1,0,0,1,1,1,1,1,1,1,1,0,1,1,0,1,0,1,1,1,0,1,0,1,1,1,1,0,0,1,1,1,1,1,1,1,1,1,0,1,1,0,1,0,1,0,1,1,0,0;1,1,1,1,1,1,1,1,1,0,1,1,1,1,1,1,1,1,1,1,1,0,0,0,1,0,1,1,1,0,0,1,1,0,1,1,1,1,1,0,1,0,1,1,1,0,1,1,1,0,1,1,1,1,1,1,0,0,1,1,1,1,1,1,1,1,1,1,1,0,1,1,1,1,1,1,1,1,1,0,1,1,1,1,1,1,1,1,0,1,0,1,1,1,1,0,1,0,1,1,1,1,1,1,1,1,0,1,0,1,1,0,1,0,1,1,0,0;0,0,1,0,0,1,1,1,1,0,1,0,1,1,0,0,0,0,1,1,1,0,0,0,1,0,0,1,1,0,0,0,0,0,0,1,0,1,0,1,0,0,1,0,1,0,1,1,1,0,0,1,0,1,0,0,0,0,1,0,1,1,0,0,1,1,0,0,1,0,0,1,1,0,0,0,1,0,1,1,0,1,0,0,1,1,0,1,0,0,0,1,0,1,1,0,0,0,0,1,0,1,1,1,0,1,0,1,0,0,0,0,1,1,0,0,0,0;1,1,1,1,1,0,1,0,1,1,0,1,0,1,1,1,1,1,0,1,1,1,1,1,0,1,1,0,0,1,0,1,1,1,1,0,1,0,1,1,1,1,0,1,1,1,0,1,0,1,1,0,1,0,1,1,1,0,1,1,1,1,1,0,1,1,1,1,0,1,1,1,0,1,1,1,0,1,1,0,1,1,1,1,0,1,1,0,0,0,1,1,1,1,0,0,0,1,0,1,1,0,0,0,1,0,1,1,1,1,1,1,1,0,1,1,1,1;1,1,1,1,1,1,1,1,1,0,1,1,0,0,1,1,1,0,0,1,1,0,0,0,1,1,1,1,0,1,0,1,1,1,1,0,1,1,1,1,1,0,0,1,1,0,1,1,1,0,1,0,1,0,0,1,1,0,1,1,0,1,1,0,1,1,1,1,1,1,1,1,0,1,0,1,0,1,1,0,1,1,1,1,0,1,0,1,0,1,0,1,1,1,1,0,0,0,0,0,0,1,1,1,0,1,0,1,1,0,1,0,1,0,1,1,0,0];
