smallSet= struct();
smallSet.labels = ['length       ';'lines        ';'includesCount';'loops        ';'vars         '];
smallSet.length = [884,1756,2098,2372,566,683,1003,944,395,585,704,1564,730,896,2313,1407,486,314,482,1904,1698,524,1259,369,965,1839,1735,845,2463,585,918,338,2110,325,337,964,675,362,823,1397,828,812,696,828,544,802,780,1396,721,837,382,651,754,490,1131,519,629,1045,1116,1237,644,718,815,848,543,519,507,704,1430,879,1391,706,2062,774,557,570,353,390,883,518,815,818,574,806,593,1274,568,1399,423,816,485,1531,572,1354,1420,1062,536,3029,633,1081,648,468,3555,496,566,680,552,370,657,1030,468,1749,454,1599,1094,1617,425,1052,757,2112,565,594,894,353,634,543,747,998,416,407,332,1796,1607,586,1531,909,336,411,803,886,269,973,538,526,290,690,568,472,818,527,517,513,1281,370,513,401,935,1538,1155,730,1091,594,539,646,2058,446,1778,759,667,698,1109,1181,751,1531,1500,470,2469,709,587,879,1281,428,708,1243,630,619,538,351,2167,434,673,1146,1306,1894,582,501,1027,1160,1868,500,758,1269,692,700,1955,1464,534,1350,616,742,977,755,892,583,1338,1358,411,597,3204,427,2552,475,873,446,467,385,357,6860,3853,2141,559,337,443,2824,557,587,989,518,683,627,717,597,612,1320,589,1757,344,845,532,765,1437,294,1766,729,1277,1287,510,545,504,560,10792,582,4901,623,815,596,892,474,656,1241,467,3850,878,601,767,451,665,577,496,1744,11039,6428,504,394,938,1137,1217,657,542,1171,450,797,1061,1149,954,310,1239,933,410,524,380,402,385,625,633,1009,384,1788,856,463,518,1582,1560,640,466,5262,921,1110,485,432,440,396,374,387,884,366,362,593,617,582,1563,487,529,377,533,2693,588,364,664,367,2642,1333,671,653,657,1055,1134,510,794,764,546,696,2161,613,665,959,900,494,383,935,296,808,700,1767,417,443,525,660,862,355,588,484,577,360,925,310,438,698,564,807,827,640,1222,2097,651,546,1423,673,1617,428,485,1065,534,513,871,414,457,476,432,722,664,837,475,1078,1197,538,801,2290,605,2736,262,985,571,588,1098,477,599,625,1259,1444,899,686,989,1225,881,458,1025,785,578,1735,654,1627,536,607,451,599,829,1141,694,769,600,524,841,701,918,698,3503,513,407,506,1307,1664,579,1100,600,797,747,1587,1009,774,874,557,455,481,2628,2155,592,447,575,808,844,818,426,727,868,893,1162,660,755,641,929,1065,469,1527,1312,620,446,1797,1016,588,3982,618,808,1631,493,1267,973,516,250,939,431,912,576,707,4425,436,1176,384,467,722,815,1292,293,581,480,572,1545,1018,954,641,376,448,432,411,1628,649,199,784,590,982,307,734,765,979,649,490,922,1502,609,668,749,241,896,905,621,1046,578,522,1344,850,513,363,813,644,832,564,1264,1433,529,573,422,914,529,642,462,286,949,803,780,626,538,824,968,871,547,541,472,287,1073,702,781,1835,666,976,1468,1254,1248,593,486,485,1085,1287,1639,6928,748,592,1528,1371,676,510,678,585,1773,527,2431,753,321,903,479,2227,500,303,668,519,968,1932,616,1277,489,451,1003,1782,343,466,1065,1262,680,756,593,602,849,1324,1217,571,476,1055,2019,519,566,1176,2615,1798,797,692,522,577,691,1165,669,499,325,1895,960,537,692,855,589,667,752,398,594,646,764,888,1035,775,766,332,1134,766,332,683,1735,557,666,655,506,297,757,624,663,1214,1145,590,1304,389,395,1150,518,664,503,671,397,432,576,578,462,647,640,1056,684,829,787,516,637,423,2242,578,519,457,1177,583,419,477,576,672,426,635,453,726,2047,349,893,446,337,1440,680,412,602,422,638,893,684,542,431,1101,1813,559,420,431,651,876,534,1408,676,639,1023,435,988,383,560,708,900,1395,1718,446,713,1911,1023,360,1414,715,937,1102,374,1245,322,1313,1845,665,846,802,423,503,268,2088,838,480,791,600,1235,1383,408,997,1513,748,676,477,959,557,1075,1012,787,824,563,1304,875,423,743,349,1006,387,677,496,561,614,606,856,858,747,483,835,1015,566,1028,322,693,403,592,1399,673,824,544,439,611,874,6860,440,402,1785,756,3655,452,789,989,1128,922,469,567,1116,1021,520,681,986,1016,404,480,631,977,584,525,617,730,1278,309,890,616,1762,1292,6353,622,414,644,673,1448,589,1278,1024,1957,598,576,915,913,6994,493,718,799,577,345,770,891,1703,1173,417,413,1772,930,404,507,829,524,770,6942,833,644,390,629,969,504,1097,1029,732,380,411,672,604,851,1399,267,620,5559,559,974,455,386,506,917,426,515,356,1489,953,581,415,425,1099,364,1582,694,424,758,538,549,426,540,499,490,514,838,522,1480,1571,530,888,1200,1603,3674,403,676,629,568,777,1373,270,756,540,690,1275,535,2237,387,912,611,322,736,551,3288,544,561,533,401,393,8798,4196,831,854,600,643,364,940,721,486,496,1091,682,657,1193,581,775,507,646,483,1508,2033,836,582,1415,427,525,297,769,884,397,408,4413,390,781,919,306,404,840,1058,727,874,551,1430,438,638,564,827,689,1370,686,478,336,1825,532,1320,804,528,517,619,391,744,832,684,555,1940,542,845,543,493,634,816,2592,596,849,1216,887,865,1067,525,551,357,1264,462,532,362,927,551,1122,1229,965,1937,744,375,426,726,515,696,423,381,20950,494,1068,316,2186,2635,437,412,486,421,716,820,1000,1397,350,915,1013,477,3616,694,648,636,459,396,958,1054,449,626,368,415,652,1601,528,527,1596,2349,896,504,560,971,548,512,619,478,1481,425,847,558,475,852,1329,318,2446,573,513,1002,803,1047,803,1305,494,1125,3797,664,852,1496,836,495,1842,624,677,577,1413,643,716,929,644,1598,966,582,698,1436,765,411,472,494,1444,689,456,539,457,1017,495,685,1076,602,1177,609,492,693,759,290,382,322,775,513,543,1100,670,766,754,4618,1645,489,359,803,1252,1011,1090,938,896,813,1240,683,878,1763,1159,597,1905,1444];
