largeSet= struct();
largeSet.labels = ['length       ';'lines        ';'includesCount';'loops        ';'vars         '];
largeSet.length = [933,954,906,1934,448,693,677,5079,787,1206,441,2332,3001,1208,1368,587,589,5735,936,1366,802,1770,654,1732,1030,12769,594,905,599,485,1696,3157,1050,763,497,2106,2179,1908,596,1531,10924,1452,531,551,3605,590,547,1801,1357,866,741,899,1467,520,20585,2161,601,1176,1265,896,883,387,581,872,3103,834,939,2139,931,1915,867,660,1536,995,2370,2529,1125,2247,2187,12893,1033,748,1414,779,673,1614,1370,898,1275,434,696,432,865,774,763,1914,1238,1150,1445,589,2508,1019,581,532,620,1530,619,718,633,1655,1505,626,1571,1614,702,731,796,1218,430,1214,1019,550,692,1095,907,2179,1646,597,1380,1516,1730,2658,789,628,900,1143,1402,532,651,1028,736,513,675,1079,664,1254,509,2855,690,722,750,1085,1219,745,2527,524,1432,987,670,1065,674,492,689,1292,1456,772,1681,2117,1271,470,656,648,566,823,711,1629,634,1129,598,1338,1235,1445,2403,1994,992,1747,1450,412,572,817,512,700,779,1599,1497,570,509,574,980,434,560,1126,1712,1051,1014,1076,769,583,756,529,1036,770,839,842,1450,667,706,7953,1061,734,1530,854,1107,743,695,799,958,549,1458,1089,832,1001,653,719,769,795,1193,814,1580,722,573,6148,741,748,1025,1385,888,775,697,930,6113,551,1382,867,1211,577,12683,1067,799,2081,643,718,1137,1550,963,1794,952,958,1054,1102,5469,1753,2773,710,692,984,963,2349,861,20218,693,845,502,858,689,1168,2388,1001,612,560,494,770,4773,1046,446,875,786,779,537,1379,825,2002,842,1942,903,398,1080,897,612,1009,2289,1097,852,643,994,1159,594,2149,17511,1314,2185,500,833,2155,8031,942,1413,730,1922,1861,993,398,476,723,906,778,1053,1058,975,1501,765,1061,1189,1324,784,667,880,2512,13792,9533,1709,686,1550,648,1260,5220,934,605,711,808,759,527,920,667,1249,869,1620,609,1812,1164,940,887,660,621,553,3382,706,428,1923,621,575,569,736,955,8286,1301,1019,726,822,791,812,942,794,618,668,545,1132,833,1007,26437,454,428,1020,697,988,3229,930,559,1379,2031,584,556,1099,794,1612,3586,435,2190,1636,11123,588,1610,416,1180,951,1136,1015,954,756,908,769,907,442,1979,657,1377,872,4268,771,1063,2319,1037,808,872,1306,863,1097,779,1066,536,722,1360,555,1171,739,1750,446,638,2248,824,925,2032,1248,701,905,1556,892,1102,1291,1127,884,1182,902,974,674,1007,614,1727,715,1250,1902,607,834,989,923,747,527,1254,966,561,950,784,610,431,1472,963,610,461,4090,866,1764,1319,1613,962,855,1147,1726,1539,618,390,873,1369,1671,3481,7475,992,2888,1451,1288,1233,1237,10338,702,925,950,1391,2994,977,1309,648,927,1615,1132,10883,575,1112,838,1228,990,1114,1057,1797,933,777,697,727,976,803,1238,1630,1104,610,888,2439,1748,1181,813,662,598,784,475,7197,1361,616,1307,981,598,630,655,1587,982,1010,1207,1584,1187,1437,1385,1221,804,2919,1210,676,1130,829,842,496,552,1433,1737,5915,4759,578,787,2397,995,816,780,1236,1190,854,610,1391,921,1024,649,1764,1836,996,806,1867,5650,868,2644,1118,827,1822,1038,1491,570,1578,788,1122,1132,1029,1471,505,1012,1190,964,650,787,624,506,649,733,1004,465,1423,833,787,571,3112,3588,451,1727,1348,1298,981,653,389,1069,1394,879,2152,818,657,1554,589,1339,1632,1130,1166,1097,393,3063,749,815,652,2116,697,640,522,953,982,1260,1081,949,3454,637,847,639,5102,838,1655,773,761,543,2168,1175,1445,704,1398,3607,819,876,1536,2238,746,907,903,669,1197,1095,904,551,1353,858,1642,1435,415,1470,1342,504,793,962,1008,821,516,1344,666,497,1408,860,537,670,3384,517,902,1269,943,394,770,597,433,980,924,1374,946,591,4270,1331,597,1313,1199,948,806,859,970,609,1123,717,906,869,713,1185,4624,851,1114,971,830,1390,638,736,383,796,762,680,711,782,412,523,1734,679,14609,915,472,1085,483,942,1013,491,759,1116,568,547,2129,548,627,649,1689,387,1284,911,598,698,1108,1143,540,498,731,818,1408,628,963,492,654,889,662,756,906,579,1588,1757,819,1500,995,575,753,1456,931,800,2321,811,17687,491,756,822,536,563,832,1684,761,721,893,1495,696,720,986,824,712,1462,1724,1106,592,796,969,1286,1755,692,1003,1732,715,4834,728,1221,1914,973,19307,2200,848,2168,1029,893,835,697,535,448,823,694,593,752,859,1656,632,826,900,1271,1575,640,5340,1516,807,881,2283,1335,1347,428,845,917,1528,835,667,1089,1094,1092,511,771,696,1126,621,620,1196,3871,1190,1152,865,1697,769,974,1549,900,7371,2430,708,1522,1154,1018,844,802,944,1173,1177,6119,1162,853,3728,685,1162,979,5907,987,1047,2402,6288,1157,602,793,1427,559,1771,685,6422,1295,1958,500,13799,2345,974,574,1652,1934,653,943,902,429,2197,2664,689,908,1609,1171,1840,611,760,948,891,1332,1858,1195,666,852,1749,857,1439,535,4558,2830,644,2960,1228,636,659,1594,607,1394,478,2246,1017,872,469,1015,2236,685,894,604,1900,829,1620,1173,464,442,874,874,978,672,1422,413,1833,1590,2630,893,1403,582,1140,1388,504,1013,868,1556,369,1005,881,1718,774,990,884,4841,935,531,594,394,1047,919,1384,1242,592,682,441,1261,531,985,745,522,915,1305,2078,776,854,964,883,2744,821,648,534,1570,674,390,4503,520,6301,2146,32082,964,920,977,732,648,630,823,885,1115,832,799,1408,603,421,336,1490,1194,487,833,615,1946,729,792,452,481,1340,652,666,494,2097,636,415,1584,10708,746,1287,802,280,514,2067,356,2304,39,1018,744,981,863,468,512,601,570,828,538,1338,806,1261,2007,887,1490,517,643,1018,831,432,749,1140,1011,1180,1103,657,501,862,907,939,1068,1933,1143,675,3000,2103,422,1632,1037,2181,1065,422,400,1198,1008,548,939,618,1153,1566,428,184,1216,924,1743,514,1058,485,892,715,667,2111,378,430,797,781,1140,1011,903,856,1080,742,616,4430,1168,1118,332,336,411,1710,1675,925,971,771,641,4856,591,1207,638,629,2271,340,532,798,868,1559,663,1072,1210,1446,636,678,976,599,517,487,492,1385,466,1505,2133,1245,1023,1557,453,1210,1318,739,790,695,1140,483,985,2162,401,823,912,587,1133,562,648,1425,687,899,592,1681,1600,1201,645,784,752,4006,798,1001,1324,1170,622,854,1198,475,961,636,479,649,1076,636,1199,464,933,909,696,720,749,933,1407,555,681,881,2307,1160,580,651,1321,882,472,1554,649,536,484,5867,379];
