trainSet= struct();
trainSet.labels = ['length       ';'lines        ';'includesCount';'loops        ';'vars         '];
trainSet.length = [906,1934,693,5079,787,3001,587,802,1030,12769,594,1696,1050,2106,1908,10924,1452,551,3605,547,1357,899,1467,520,601,3103,939,931,1915,867,995,2370,1414,673,432,1238,1445,1019,532,620,619,633,1655,626,731,1214,1019,692,1095,2179,1646,597,1730,2658,789,628,900,1402,532,1028,736,675,1079,2855,722,1219,745,524,1432,987,670,492,689,1456,1681,1271,470,2372,656,566,823,566,683,598,1235,1445,1003,2403,1994,1450,412,395,817,512,700,779,1497,980,434,560,1014,583,529,770,839,1450,7953,1061,854,743,799,958,1564,549,832,719,795,1193,814,741,697,6113,551,1382,1407,577,1067,799,643,718,1550,486,963,314,1794,958,1054,1102,5469,482,2773,984,963,861,20218,689,2388,1001,560,494,770,1046,1698,786,779,1379,2002,524,842,1080,612,1009,2289,1097,643,994,1159,1259,2149,2185,500,2155,942,1413,730,1861,398,476,1053,1058,975,784,667,2512,13792,965,9533,1839,686,1550,845,1620,585,660,621,3382,706,918,621,569,955,8286,1019,726,822,338,942,618,545,325,337,1132,833,454,1020,697,3229,1379,584,556,1612,1180,1136,675,954,756,908,657,1377,1063,2319,1037,808,1306,863,1066,536,1360,1750,446,638,2248,824,925,701,1556,892,1127,884,1182,902,1007,614,696,715,1902,607,834,747,1254,966,610,431,963,610,461,4090,866,1764,1319,1613,1147,1726,618,390,873,1369,1671,3481,992,2888,1451,1288,1237,950,1391,977,1396,721,648,927,1132,10883,575,1228,990,1797,777,976,1238,1104,382,888,754,490,1748,1181,784,1131,519,7197,616,1307,981,1045,1010,1116,1187,1385,804,1210,1130,1237,829,842,552,1737,5915,578,2397,995,816,1236,921,718,996,1867,5650,868,2644,848,1118,1822,1038,543,788,1132,1471,505,1012,650,519,787,624,506,649,1004,787,3112,3588,879,389,1069,1394,879,2152,657,1339,706,1130,1166,3063,749,815,652,2116,2062,697,640,557,570,1260,1081,353,637,390,639,1655,883,773,761,2168,1175,815,1445,3607,818,819,876,806,2238,907,669,1197,1095,593,1274,1353,568,1642,423,1531,504,793,516,666,1408,1062,860,670,517,902,1269,770,1374,591,468,496,1313,1199,948,970,1123,717,566,370,657,1185,1114,971,468,638,736,796,762,711,782,454,1599,523,1734,14609,915,472,1617,1085,483,942,1013,757,568,2129,548,2112,627,387,1284,594,698,894,1143,540,1408,628,492,662,906,579,1588,1757,819,1500,575,543,753,1456,931,491,822,563,832,1684,721,720,824,1462,1106,416,692,715,728,19307,848,835,697,535,448,332,1656,826,1271,1575,5340,1516,1335,1347,428,1089,696,1531,1190,1697,769,708,909,1018,802,944,1177,3728,803,2402,6288,1157,602,1427,685,1295,269,500,538,526,290,690,472,818,527,517,2345,974,1538,1934,730,653,943,902,1091,594,689,646,446,667,1840,698,1109,891,1195,1531,2469,587,879,666,1281,852,1749,630,538,351,1439,535,1146,2830,644,1894,501,1027,2960,1228,636,1160,659,758,1269,692,534,1350,616,742,977,2246,755,1017,583,1338,1015,411,2236,427,604,475,446,1900,467,1173,385,464,6860,3853,442,2824,989,518,683,874,978,627,717,612,1422,589,1757,532,1833,294,1277,893,1287,510,582,545,1388,504,10792,582,868,1556,4901,1005,881,474,656,774,1241,990,467,3850,594,394,878,451,665,1384,682,496,531,394,1137,1217,657,745,915,1171,797,1061,1305,1149,954,2744,821,310,1570,674,4503,520,385,633,1788,648,630,921,1115,432,396,387,884,366,1408,593,529,2693,603,671,421,653,657,794,546,2161,613,665,1490,494,383,296,1767,417,443,525,355,588,484,577,925,698,807,2097,673,1617,487,428,1065,534,513,414,457,432,722,664,475,1197,801,2290,605,1946,729,452,571,588,1098,1259,1444,481,899,686,989,881,458,1025,785,607,451,829,1141,769,841,701,494,918,698,513,407,506,1307,1664,579,797,1587,2097,874,636,557,481,2155,592,575,868,1162,929,1527,620,446,1016,746,3982,618,808,1631,1267,516,250,939,431,802,576,707,4425,436,1176,384,467,581,480,954,641,432,1628,356,649,2304,649,609,668,749,621,981,1046,578,1344,363,564,1433,573,422,914,462,286,780,626,871,547,512,1073,702,1835,601,976,828,1254,1248,593,485,1287,1639,748,592,2007,1371,676,678,1773,527,2431,903,2227,887,303,1490,616,1277,489,451,1003,1782,343,1065,517,593,602,849,1217,571,2019,566,2615,692,669,1895,960,692,667,752,1011,764,1035,766,332,683,1735,557,655,506,624,663,1214,590,389,518,503,576,647,1056,684,787,516,637,423,578,501,457,1177,477,426,635,907,939,453,726,349,893,446,1143,337,1440,680,412,422,3000,1101,1813,420,639,1023,988,560,708,2103,900,1718,1911,1023,360,1414,1632,1037,1102,2181,374,1065,1313,1845,802,503,400,2088,1198,600,1383,408,997,1513,748,676,557,1012,423,743,606,856,858,747,618,1566,428,1015,566,1028,184,592,1399,824,544,611,6860,514,1058,485,892,756,378,3655,789,989,1128,681,1016,977,584,797,309,1762,622,644,673,1140,1448,1278,1024,576,493,799,742,1703,1173,417,1772,930,404,829,770,6942,390,629,1168,1097,732,604,267,620,5559,974,1710,455,386,1675,917,426,515,581,771,425,1099,641,1582,694,4856,591,758,538,549,426,1207,540,499,490,522,1480,1571,530,532,1603,676,1559,663,1072,777,1373,270,756,540,976,690,1275,535,517,2237,912,322,466,561,2133,393,8798,831,364,940,1193,1557,581,453,2033,836,1210,1415,297,884,790,781,919,306,840,695,727,1430,1140,827,689,478,336,1825,528,391,744,823,845,1133,634,648,596,849,551,357,687,532,362,899,927,1122,1229,1681,375,726,515,696,1068,784,316,2635,437,412,486,421,752,716,4006,820,915,1013,1001,3616,648,636,1170,622,854,1198,652,1601,528,1596,961,896,560,479,512,619,1076,478,425,558,475,852,318,1002,1199,1047,464,803,494,909,3797,852,749,836,624,577,1413,643,933,1407,644,1436,765,555,881,472,1444,689,2307,1017,685,602,609,1160,290,580,382,322,513,882,543,1554,1100,649,484,1645,5867,489,803,379,1252,896,813,1763];
