largeSet= struct();
largeSet.labels = ['length       ';'lines        ';'includesCount';'loops        ';'vars         '];
largeSet.length = [2233,1885,2895,3185,3622,1909,2144,2940,7302,2831,3018,2546,6758,4167,2749,4023,4247,1898,3055,2904,7083,1929,3956,1874,2106,2776,1790,2975,5089,3517,2044,3554,2269,1423,2316,12298,2889,2535,3037,2306,1230,2828,2718,3195,2061,2443,2232,1089,3140,1904,2160,2447,1909,3676,2668,2546,2850,2771,1707,3285,1733,2588,3266,2147,2073,1680,1358,2216,1856,1015,4776,1906,3102,1315,5092,1978,2224,2965,3104,4096,5154,1888,2952,4515,1697,3584,1159,1165,1435,4616,3141,2057,3324,2848,2291,3531,1987,1600,1341,1395,3297,1335,1618,2489,2318,2387,1456,2081,1614,2446,2034,5355,1257,2123,2621,2729,3010,2680,2474,2665,1374,2822,1931,2303,1656,1923,827,2569,3263,1450,2038,3020,2561,5715,3175,1133,8185,1209,569,2925,1347,3112,1653,1695,1447,2165,2378,1835,2135,1888,3053,1668,1933,2220,2178,1202,1700,1815,2209,1414,2271,2766,3895,1682,1274,3198,3433,1743,3161,3810,762,2318,2262,1514,4607,1389,1606,2693,2943,2222,1726,1256,2553,1118,3356,1830,1891,1626,2858,1822,1850,2559,1191,1322,1808,1147,984,2147,1136,5050,2020,1488,1941,1766,1602,2554,882,1260,2088,1267,1770,46387,1062,2041,4587,1687,826,2757,1768,2310,1879,2329,1075,1657,1269,1377,1774,1162,1647,3425,1228,923,2888,1048,1729,1794,933,2235,1568,2950,1767,699,3645,4271,6069];
largeSet.lines = [89,106,102,122,155,80,112,112,337,114,113,82,149,154,115,176,152,85,145,130,225,70,155,88,99,100,86,110,171,172,94,97,81,54,79,449,140,133,88,98,50,90,143,97,118,99,86,51,125,84,85,97,73,246,118,114,134,93,86,103,66,97,108,89,70,59,50,102,87,46,168,93,140,51,147,107,92,104,163,173,150,71,133,203,75,135,58,47,77,228,118,75,114,117,114,172,53,96,66,72,137,89,73,93,94,81,70,89,90,90,65,164,58,93,100,113,90,125,90,94,75,119,61,134,87,85,42,82,144,50,78,124,95,175,117,58,245,42,34,99,76,152,78,60,88,106,126,45,66,67,103,74,79,91,106,44,98,115,92,48,87,107,233,70,65,108,147,121,145,186,36,100,82,66,108,41,59,100,78,96,72,53,98,59,134,118,74,74,91,89,83,123,51,60,104,74,49,95,56,142,61,57,53,96,86,61,84,80,91,110,59,1142,55,83,156,62,29,102,81,77,88,110,69,79,74,56,64,50,78,156,60,49,127,76,55,117,38,81,102,77,82,32,168,228,233];
largeSet.includesCount = [10,5,4,2,15,4,4,12,18,12,16,4,36,15,17,11,14,6,9,9,19,20,15,5,9,5,6,22,21,5,5,15,18,4,12,30,16,4,5,4,2,22,5,3,4,16,22,3,18,5,20,4,4,0,11,17,13,12,9,22,3,24,8,7,15,17,9,11,4,7,25,7,26,9,12,2,5,10,16,13,19,2,5,8,18,6,2,7,5,7,10,14,21,5,15,5,10,11,15,2,9,1,7,19,18,13,8,12,10,15,5,23,5,13,17,10,13,3,24,13,6,15,20,19,2,7,1,24,8,3,9,9,8,23,23,4,15,16,3,6,3,16,9,11,2,2,11,3,13,13,12,8,23,14,14,11,12,7,7,9,11,4,6,5,2,19,9,6,4,30,4,13,14,5,11,10,2,17,17,2,9,4,10,1,4,6,3,4,13,19,10,11,3,7,6,6,3,14,10,20,3,10,16,4,1,18,9,3,13,10,12,23,2,16,22,22,2,1,6,22,2,4,3,3,2,4,3,6,5,13,4,3,7,2,15,5,3,2,5,26,22,2,19,4,22];
largeSet.loops = [10,12,14,21,0,10,12,29,7,2,26,25,2,14,3,16,4,15,17,10,15,8,27,14,9,0,14,1,8,15,15,5,0,12,8,32,23,12,26,25,9,28,20,13,19,5,6,9,1,20,9,18,10,11,5,7,23,14,1,1,13,0,12,11,1,10,11,9,11,9,24,3,18,6,25,20,10,12,15,14,8,16,26,17,11,12,11,3,13,12,21,3,15,24,16,17,7,8,9,6,17,10,8,17,4,14,10,12,9,9,11,21,15,11,5,17,2,15,2,14,1,5,0,6,8,15,5,10,15,14,2,18,15,21,0,10,2,3,5,27,12,4,4,9,14,18,10,14,8,1,11,11,10,12,11,12,13,11,16,8,6,12,13,14,14,4,17,8,21,20,7,8,8,10,17,1,5,3,11,15,9,8,4,8,12,16,15,12,23,11,14,3,9,3,10,11,7,1,7,11,7,7,9,15,6,1,6,9,1,6,8,63,7,0,11,3,6,31,8,8,11,18,11,11,12,9,10,7,6,5,10,13,3,11,1,7,8,11,9,2,2,9,5,23,0];
largeSet.vars = [32,42,30,59,26,27,28,33,62,28,37,42,36,42,39,80,35,39,33,51,45,30,45,22,41,13,42,9,40,20,39,12,7,7,22,111,34,27,35,42,16,24,59,51,23,12,18,20,40,33,20,30,22,33,8,14,53,51,24,30,19,26,20,38,12,26,18,22,19,15,70,14,37,10,70,35,16,34,41,32,30,15,34,53,18,5,6,13,6,57,35,30,32,35,29,41,11,24,8,11,29,13,27,29,12,22,17,25,8,43,7,44,13,30,6,26,17,23,18,27,8,26,6,22,7,16,14,34,47,15,19,32,23,69,21,17,42,15,10,50,17,25,14,22,22,36,29,10,15,14,15,25,18,20,25,17,32,24,20,10,9,17,31,22,20,20,27,15,21,45,12,22,12,22,27,10,15,25,10,21,13,18,15,14,50,19,28,23,38,23,22,19,25,9,16,19,14,14,16,22,12,9,7,38,11,18,10,4,11,10,16,327,12,6,33,13,10,15,19,20,27,23,20,26,19,10,12,15,16,19,16,5,7,18,7,21,9,8,22,18,6,12,43,34,22];
largeSet.states = [1,1,1,1,1,1,1,1,1,1,1,1,1,1,1,1,1,1,1,1,1,1,1,1,1,1,1,1,1,1,1,1,1,1,1,1,1,1,1,1,1,1,1,1,1,1,1,1,1,1,1,1,1,1,1,1,1,1,1,1,1,1,1,1,1,1,1,1,1,1,1,1,1,1,1,1,1,1,1,1,1,1,1,1,1,1,1,1,1,1,1,1,1,1,1,1,1,1,1,1,1,1,1,1,1,1,1,1,1,1,1,1,1,1,1,1,1,1,1,1,1,1,1,1,1,1,1,1,1,1,1,1,1,1,1,1,1,1,1,1,1,1,1,1,1,1,1,1,1,1,1,1,1,1,1,1,1,1,1,1,1,1,1,1,1,1,1,1,1,1,1,1,1,1,1,1,1,1,1,1,1,1,1,1,1,1,1,1,1,1,1,1,1,1,1,1,1,1,1,1,1,1,1,1,1,1,1,1,1,1,1,1,1,1,1,1,1,1,1,1,1,1,1,1,1,1,1,1,1,1,1,1,1,1,1,1,1,1,1,1,1,1,1,1,1];
