largeSet= struct();
largeSet.labels = ['length       ';'lines        ';'includesCount';'loops        ';'vars         '];
largeSet.length = [1378,1182,1202,1120,1588,2629,761,1118,1243,5174,1415,1355,1288,2230,825,3378,3643,2041,1884,1700,896,1381,1593,1676,1673,3483,779,2239,840,2003,1166,1580,1422,1608,832,1275,2370,2366,2034,3568,1667,2869,1199,2191,2817,1965,2458,865,2101,11050,1984,777,1369,1890,1302,1060,854,2436,809,2398,1830,1098,1432,4890,1634,1113,1015,1610,1202,3828,1030,2550,1139,766,1141,2966,2319,1770,1291,988,1540,1953,1830,1807,1303,3567,1000,2216,1318,1094,1384,2167,1512,3226,2426,2243,1006,1290,1597,2084,1052,1247,2779,948,1252,2653,1705,2340,2899,2981,1920,1177,1292,1872,2136,1489,2342,790,1486,799,3301,1423,1275,1465,967,1596,1450,1304,2815,1484,2432,2211,975,3137,2855,1947,1053,2694,1571,1375,1163,989,1300,2648,2140,738,1630,860,2524,2277,1665,1871,1525,2126,3966,754,1263,1670,2754,2231,1265,2372,1611,2149,988,1697,1692,773,2006,1381,919,1388,1745,790,1215,2618,2018,1807,1743,2205,2790,2122,702,1888,1422,1981,2695,1394,1179,1703,1305,1669,1596,1358,873,1779,1559,1553,1585,1274,3536,1555,1680,1723,1058,1397,1789,1736,1092,1640,1667,1499,1420,2645,1963,2987,2280,1064,2115,3785,2067,926,1876,1269,1246,1178,1130,2017,1580,2618,1586,2291,1058,4208,1456,798,1800,2649,1140,1089,1442,1517,1985,1593,2056,1387,1367,1624,1176,975,1493,2386,1572,1401,2368,1332,2437,1385,2145,2516,861,1371,1149,1018,1016,912,1066,1575,2091,1857,1400,1684,1157,1619,2297,1507,1115,1174,1642,1176,971,1803,975,2335,1361,1925,1150,1151,1328,1401,1570,1727,1048,1709,1714,2925,3533,2593,1972,1830,1305,2037,873,3491,2004,1420,1375,1112,1724,1087,1086,2601,1562,1870,1149,782,850,1315,2081,1482,1433,3445,1320,2836,1223,854,1379,1353,2654,1718,1788,1485,607,1117,1411,1637,1367,841,2104,1724,1360,2940,646,2052,979,847,1334,2150,564,1460,941,1296,1451,789,1570,769,2613,2515,1216,769,999,839,4537,1366,2213,2059,916,1685,1624,1018,1625,3856,1112,1577,1348,2176,1400,896,1565,934,1429,739,1583,858,785,935,2630,1909,1021,3796,1650,988,1456,2102,3936,1920,1533,1902,905,1270,1099,1218,4456,2031,2528,1466,1438,2683,2012,11978,1422,786,2001,884,2584,1144,1187,2160,1166,3153,1366,1949,1772,908,1135,2145,887,1996,1276,1621,1870,1890,1677,1315,2160,1787,2217,2342,1632,769,934,3620,1636,1590,924,1247,1449,1103,1355,1706,1630,4047,1719,1197,931,1192,2524,1101,877,1854,1331,2204,1556,2131,1350,1358,1220,1149,851,1565,1019,1864,1397,2367,1979,1589,2945,1484,1201,1394,1407,2042,1634,1581,1195,1204,2089,2346,929,2408,691,2255,2820,1894,1500,5460,811,1747,813,768,1623,1173,2681,828,3162,837,828,1463,1317,892,1919,1339,2279,1000,1648];
largeSet.lines = [49,69,41,56,67,91,32,55,62,230,60,56,73,95,30,81,109,71,75,78,51,46,49,100,71,80,48,66,39,54,51,62,57,65,40,63,79,102,63,78,89,116,60,53,74,67,67,32,64,389,74,41,47,66,64,44,28,77,43,77,75,46,59,208,47,42,41,52,55,84,47,45,55,46,51,111,148,56,71,56,54,52,73,106,61,135,52,77,62,43,53,115,71,107,80,90,35,47,71,69,43,66,114,35,48,62,75,62,94,95,60,43,72,73,99,62,66,33,77,49,105,50,69,54,40,50,51,75,130,51,67,72,45,128,69,84,50,90,59,91,54,28,60,120,70,34,79,38,116,86,56,80,63,86,75,30,57,79,93,57,56,74,61,111,54,52,91,41,58,57,43,71,68,43,59,64,82,51,76,91,91,80,48,82,54,76,78,51,70,77,66,47,63,46,48,84,70,74,64,52,170,61,103,66,48,70,35,56,48,55,85,58,61,106,76,138,80,49,83,201,117,62,67,52,61,65,63,72,63,110,50,82,43,104,75,31,63,80,41,53,64,58,87,67,77,77,59,73,39,60,58,89,82,60,81,63,103,54,49,137,40,68,53,49,51,56,57,79,78,60,49,65,44,48,71,77,56,56,61,51,44,80,41,95,63,87,48,59,44,64,60,72,51,62,82,86,112,85,69,72,50,59,54,117,120,82,62,48,69,58,51,140,51,100,47,41,57,56,104,71,49,92,41,76,44,39,52,54,94,87,71,56,28,49,44,53,57,37,65,78,68,118,35,88,56,42,54,103,36,66,59,65,66,38,60,37,92,86,46,41,43,51,203,64,133,97,35,72,70,57,62,118,56,76,41,67,51,49,67,56,72,31,80,43,44,40,81,78,48,133,89,43,64,68,140,71,80,73,45,61,68,55,208,57,82,48,57,65,86,165,60,33,49,55,87,37,81,93,46,138,44,90,101,47,58,64,56,106,71,70,79,85,95,76,83,64,95,77,71,40,50,91,70,67,40,59,56,36,65,49,50,140,47,52,43,62,122,46,26,80,39,63,65,51,37,70,32,60,49,84,43,82,61,101,101,64,122,52,85,51,60,72,53,62,85,58,78,100,32,92,38,81,154,90,104,269,46,92,52,52,59,62,129,49,120,40,55,73,60,54,64,68,103,51,69];
largeSet.includesCount = [10,5,4,3,14,15,2,4,11,18,5,12,3,16,5,18,15,16,11,7,7,20,15,19,3,17,2,19,9,11,2,11,2,3,3,1,22,11,22,21,9,6,3,15,27,18,4,2,12,30,13,1,16,11,4,3,5,3,9,13,21,9,8,5,25,10,3,22,4,19,3,15,10,2,3,20,14,1,3,5,16,22,7,5,4,18,5,20,2,10,4,0,11,12,17,15,10,4,13,12,8,4,13,5,8,22,3,14,22,23,14,13,3,8,9,3,15,3,5,5,17,17,2,6,2,9,11,5,4,15,13,12,3,9,11,15,7,25,11,1,2,3,8,5,19,2,6,7,20,26,9,6,11,13,12,3,2,13,23,17,5,21,5,7,2,15,3,3,15,14,2,6,11,1,3,19,21,5,5,3,6,21,1,5,6,10,13,8,3,5,16,21,17,3,1,17,5,2,4,10,13,12,3,16,11,7,13,11,3,14,12,8,16,3,7,4,26,6,17,11,14,3,9,3,1,1,5,27,18,5,1,9,6,4,15,5,13,19,2,12,5,2,8,3,12,2,17,3,3,1,14,17,6,5,23,6,10,10,17,16,4,1,2,5,2,2,1,5,4,11,7,7,4,9,14,14,6,5,5,5,13,7,1,19,13,4,11,2,18,7,18,9,8,15,1,25,24,4,4,16,10,14,1,5,14,2,1,16,12,1,11,8,13,0,3,1,4,3,8,6,6,24,19,5,3,3,11,9,23,5,3,16,3,5,3,5,13,6,17,8,5,20,2,11,3,2,9,5,3,13,7,7,5,5,4,3,19,11,7,2,13,4,12,3,6,13,11,12,2,6,5,0,3,6,20,19,8,3,15,7,9,11,8,4,5,5,13,4,3,32,8,11,6,21,9,18,9,3,9,3,2,3,17,24,26,13,2,20,13,11,4,4,12,2,13,10,1,18,2,13,3,3,27,6,9,19,1,1,10,2,5,22,6,6,9,12,12,16,19,3,5,22,3,9,12,1,11,19,3,23,10,14,5,2,13,6,21,2,10,16,14,14,14,6,12,2,12,2,6,4,3,13,3,3,3,10,13,11,9,2,10,4,8,9,1,2,4,2,2,22,4,7,6,5,7,17,3,3,3,1,12,6,11,8,5,6,3,7,4,3,3,1,2,1,5];
largeSet.loops = [5,6,2,5,7,3,2,5,5,5,4,0,6,9,3,1,8,2,6,6,4,6,3,7,5,11,4,0,4,2,1,5,5,5,3,7,3,1,1,6,4,4,3,0,3,0,6,5,3,17,3,5,6,4,5,5,5,10,4,7,8,0,4,13,1,3,5,5,3,0,3,7,6,5,0,8,7,4,5,4,1,3,4,3,2,2,6,6,7,1,3,6,3,5,0,5,1,6,7,3,5,6,10,3,3,0,5,0,2,2,1,3,3,5,4,6,2,2,11,4,6,5,5,1,6,7,4,5,9,5,0,5,6,0,5,3,5,8,5,8,3,3,7,9,4,4,2,3,7,7,6,7,5,0,7,3,6,6,3,3,4,4,4,7,5,3,5,5,4,5,3,5,1,3,6,4,1,3,5,7,5,2,4,9,4,6,1,2,6,4,4,3,0,3,4,4,3,6,5,3,11,3,7,2,4,3,1,2,5,5,5,4,1,10,6,12,3,6,5,6,9,4,3,5,7,4,4,1,5,4,3,2,4,6,1,2,1,2,6,1,3,4,5,5,4,2,6,2,5,4,0,4,5,4,1,3,9,1,0,5,3,6,3,3,5,4,3,4,8,0,1,1,5,4,7,6,5,3,3,6,5,7,3,3,4,7,3,4,3,5,2,6,3,4,6,7,5,12,7,3,4,4,5,9,0,6,4,2,3,3,5,9,7,5,3,6,5,7,8,4,6,9,5,5,5,4,1,5,1,5,2,4,4,3,2,4,5,3,2,4,4,4,3,3,4,6,0,6,3,4,4,2,4,5,5,2,4,3,5,5,5,5,12,4,4,8,2,5,6,1,6,0,3,4,1,7,4,3,3,4,6,4,6,6,5,3,2,4,6,2,6,5,3,3,5,4,4,5,5,5,6,5,11,2,3,5,4,3,2,3,4,5,5,4,2,5,5,4,5,4,3,3,4,4,4,4,4,7,4,4,7,5,3,5,4,4,10,4,7,3,4,3,1,4,4,4,4,3,5,4,4,6,3,3,0,7,2,3,3,2,0,10,4,2,4,5,0,3,5,10,5,5,6,3,4,0,4,4,8,4,4,5,2,5,4,4,7,5,4,3,4,4,9,4,4,6,4,4,5,4,0,3,4,5,5,4,4,4,4,4,4,5,4,7,7];
