smallSet= struct();
smallSet.labels = ['length       ';'lines        ';'includesCount';'loops        ';'vars         '];
smallSet.length = [1488,764,5318,594,759,1031,865,860,1850,849,1228,880,831,1176,790,901,614,771,1294,899,953,713,1145,1544,2319,902,1767,1357,1373,903,1186,1215,927,565,972,660,1324,1739,881,1230,709,842,1100,724,735,820,1290,1145,564,747,704,772,422,1076,1389,1301,1343,714,1023,891,792,3499,1330,1340,558,1212,1504,1360,779,1968,812,835,1377,865,1664,992,1343,864,1421,1990,2569,3007,2129,649,1030,2158,746,969,1477,1153,1221,689,1165,1005,1225,2015,947,2178,1193,580,558,953,826,1568,670,770,1531,757,1521,723,2360,872,821,942,1217,1133,1799,1124,1428,700,1009,900,1447,609,1881,4520,1228,555,771,2380,3704,835,1558,1228,2176,1248,976,3803,1227,747,994,1012,1017,2698,882,636,833,2337,1245,638,1017,1238,9800,1559,2295,727,958,1565,906,711,641,812,1029,776,2145,698,2729,1048,1258,2395,565,1790,1413,883,1785,500,751,604,1889,939,1521,1068,710,598,1024,1207,1408,1848,990,653,741,567,1305,570,882,642,1433,1064,2073,744,1399,761,980,1550,701,1312,1516,902,1079,854,1644,2184,1930,11699,849,896,1501,1101,985,748,928,1209,855,908,788,884,663,2090,892,1272,2548,818,3945,770,750,1293,1060,1112,1249,826,1744,942,980,2081,871,1314,617,1073,1082,2960,1855,649,858,1162,1518,784,1329,1556,701,1010,1271,1067,1180,1022,1346,1177,1198,1301,779,1072,786,991,743,1112,720,820,802,963,767,1507,642,3546,1280,1582,1088,715,844,984,1413,1214,662,779,706,2262,944,1179,1519,790,765,1198,769,1213,851,831,1200,991,1311,932,3535,852,2911,1499,2048,1733,672,1368,621,926,1176,891,2153,1482,2770,1083,948,1298,1108,1430,694,951,717,938,678,1377,1208,994,828,1322,945,1535,1162,1659,1081,1887,6140,506,805,1426,785,967,1219,1303,1319,646,636,1026,678,4146,529,1615,917,959,867,2924,1302,3855,775,945,1066,1029,1305,666,931,7458,1005,1277,1104,764,1191,739,726,2739,586,1643,1250,744,4202,1063,1139,1734,1511,1715,1169,761,1001,729,3822,1047,961,1200,1362,1715,1455,1141,569,1510,1737,6235,1136,1318,1312,670,1081,1520,1049,1943,699,1000,989,1595,1204,1188,616,1415,605,742,968,825,3105,2795,1999,755,1257,1478,1175,752,2386,968,1056,966,2359,1368,970,1076,6386,1199,958,1111,968,674,633,1632,669,1112,1157,562,668,872,899,476,1168,1956,1549,1448,1706,1171,1161,976,633,1288,1371,2138,992,526,1607,693,1342,1747,896,1217,1293,1099,722,2845,852,1009,2236,979,698,1218,590,1109,768,1329,1058,1089,611,580,500,643,578,5175,1114,1045,781,595,2218,1035,743,746,833,1007,710,1515,1167,727,1008,989,1042,1234,1079,1113,1096,1637,1495,952,1031,1563,1302,835,965,1087,738,796,1686,917,2082,1367,734,894,1247,991,812,1304,575,612,1688,1264,1164,994,501,685,3199,1161,800,1277,1370,2386,677,812,2464,595,686,757,1135,1248,825,703,462,2168,1160,666,739,4280,683,1663,609,826,991,1119,925,1230,884,761,723,2083,915,1032,484,1232,1222,5463,920,1114,1112,1150,46394,747,1295,628,1177,531,1436,1025,902,869,842,532,795,962,1855,885,1281,726,4098,558,2223,810,1164,1398,1146,850,1324,1462,656,1845,2287,2581,1051,1019,943,1749,803,1225,916,756,711,812,1078,1269,775,1065,778,1070,1788,824,740,293,634,738,1137,705,947,869,2434,1477,498,604,838,1212,1267,604,805,1533,1740,1541,1804,747,921,991,992,1339,648,2233,792,1221,831,1007,675,1078,828,567,2258,752,1778,886,1050,2166,758,980,977,785,2017,729,842,1446,2248,1691,1425,1782,1839,480,2620,675,1266,908,1380,1023,776,1425,1092,1812,781,759,830,652,791,1620,535,3933,2553,529,936,1938,1551,863,995,2042,1434,2199,2255,1926,1282,2977,1664,1148,615,1133,2401,1284,837,1988,993,1984,662,737,1011,2709,1445,1090,748,1199,434,1285,2301,2164,1064,1017,1079,1045,1702,631,1554,1077,2779,2341,834,2652,630,1463,1799,940,3277,1143,2502,881,2968,877,1493,2113,698,677,784,1068,7017,4182,2108,2121,850,568,876,1110,3125,795,1483,1115,1157,1008,1173,1000,1583,1056,646,1018,1923,590,835,889,1226,1800,1590,2337,524,2347,3907,931,775,1456,1246,667,2408,1140,1377,1444,950,871,11299,1193,1279,1562,5036,824,739,791,1016,1161,1708,755,1527,1123,1077,1380,924,1053,858,1212,1111,3863,936,760,1039,1194,913,1258,695,1043,1836,683,1229,1396,1110,1067,798,1168,1377,760,1347,1939,7140,551,1346,805,1654,2740,900,1404,1237,1650,825,1603,672,784,1872,905,769,750,1336,918,918,535,2176,965,756,1875,984,1032,1228,1106,1875,1191,883,794,6593,887,33932,1725,1506,1047,1240,6386,2030,2190,888,544,1127,1113,806,2132,2340,535,821,5425,1636,1885,1032,5763,1569,2323,1017,741,2148,1269,707,1245,1556,1321,1460,1248,1616,2333];
smallSet.lines = [54,41,166,36,31,40,39,47,43,33,37,40,40,47,33,33,36,42,34,38,44,43,40,54,148,29,49,46,55,39,58,54,43,33,40,35,63,47,40,58,39,35,61,30,28,41,46,52,32,41,32,39,24,36,50,39,45,33,35,40,42,120,59,47,34,49,45,46,34,45,29,40,51,47,64,74,78,36,64,62,71,67,86,32,38,53,38,43,78,42,56,34,51,39,42,62,40,63,49,34,28,47,33,53,33,35,40,36,65,37,68,50,37,39,39,43,49,44,44,25,55,33,50,41,48,137,60,36,32,99,92,36,90,43,79,50,37,86,53,26,42,34,45,126,47,25,51,79,48,32,47,45,72,58,101,41,36,45,39,31,41,37,41,36,62,46,63,38,62,82,32,62,51,49,71,26,38,25,59,42,54,58,48,31,37,32,74,42,34,32,37,34,43,34,57,41,72,38,87,37,54,39,51,37,44,41,45,45,34,35,64,70,62,146,35,36,81,32,52,56,40,65,34,16,61,39,28,65,45,36,60,42,74,38,43,33,37,41,49,40,49,45,32,74,57,34,38,41,47,97,51,35,52,49,54,34,39,45,45,31,65,40,47,70,48,31,46,48,35,70,40,42,40,48,43,36,34,46,38,90,32,122,39,54,35,47,36,34,44,43,29,36,45,79,51,48,46,39,37,37,36,42,43,46,32,46,38,54,139,37,100,49,69,63,88,40,33,36,62,52,50,63,107,43,56,40,44,49,30,49,33,43,42,50,54,54,34,43,32,50,42,60,46,74,134,29,30,48,51,53,45,44,48,37,38,42,33,73,39,48,40,55,43,133,53,61,35,40,45,55,44,29,35,240,48,46,39,34,33,37,36,104,41,83,58,37,78,69,68,51,42,70,39,41,37,45,193,52,47,40,76,66,59,53,34,55,88,186,38,46,63,36,39,44,39,90,36,44,44,59,42,46,41,68,40,30,45,45,103,107,41,43,45,43,49,47,96,50,46,44,89,54,32,46,175,38,45,55,43,33,36,83,37,35,68,28,34,44,37,30,58,101,53,49,51,42,37,45,29,52,44,51,45,29,49,29,46,70,37,31,56,33,44,68,45,42,43,50,31,51,36,45,34,45,40,54,31,43,23,40,29,104,48,45,39,36,39,56,39,37,43,59,36,48,51,31,38,46,40,45,41,40,60,72,59,34,46,51,27,43,29,43,56,43,47,51,79,31,45,43,76,35,36,52,30,29,44,44,47,59,31,33,64,65,26,46,37,60,34,43,125,23,32,34,55,48,28,31,26,34,47,39,33,141,45,47,39,73,41,46,37,45,42,44,30,69,37,37,37,80,32,241,80,72,46,41,1136,33,35,30,62,29,40,56,41,40,34,40,49,46,62,36,42,45,119,28,82,43,40,47,70,42,47,46,31,96,87,102,51,49,33,41,48,45,39,42,38,45,47,44,34,48,32,39,78,40,28,16,48,51,50,30,34,36,70,60,34,35,44,35,69,27,36,41,61,55,60,36,43,32,36,39,33,64,51,33,56,31,42,55,45,41,81,34,67,40,44,63,50,50,45,41,70,31,26,60,66,66,55,83,42,21,89,37,89,40,43,41,41,40,72,67,35,30,47,36,35,32,23,176,66,30,46,38,60,35,67,97,57,52,93,87,45,159,83,61,45,34,83,49,40,43,58,47,31,54,55,65,57,40,44,51,36,57,95,55,63,43,65,41,63,31,55,49,65,108,56,112,34,65,79,40,112,49,79,38,91,39,38,52,40,41,41,61,144,230,60,60,48,30,36,44,100,31,64,58,74,41,51,40,56,41,38,52,58,27,35,44,65,58,51,93,37,78,73,34,30,47,41,48,51,53,67,38,51,32,286,44,49,45,92,47,46,30,47,64,46,30,53,41,56,86,54,37,39,66,66,59,46,42,49,53,59,52,32,93,61,41,62,58,60,53,40,63,50,39,50,58,370,52,63,42,73,104,53,98,53,81,45,74,27,35,84,40,33,40,61,49,52,26,116,48,36,89,31,44,55,77,74,46,47,47,226,33,1440,66,75,36,45,175,82,97,59,32,46,59,31,71,108,36,39,58,75,110,53,312,37,51,43,29,64,70,44,48,48,34,76,53,55,59];
