trainSet= struct();
trainSet.labels = ['length       ';'lines        ';'includesCount';'loops        ';'vars         '];
trainSet.length = [1202,1120,2629,1118,1243,1288,3378,764,1381,1593,1676,2239,2003,1422,832,2366,2034,1667,2869,2191,1965,2101,11050,1984,1890,1432,1634,1015,1610,1202,2550,1139,1540,1830,1094,2426,1006,2084,1247,2779,1252,1705,2340,2981,2136,1486,799,1423,1275,967,1596,1450,1484,2432,2211,975,3137,1947,1053,1571,1375,989,1300,1630,2277,1525,2126,754,1263,1670,2754,2372,1611,988,1692,2006,1381,919,1388,790,1215,2618,2790,2122,1888,1422,1981,2695,1179,1669,1596,873,1559,1553,1585,1274,1555,1397,1789,1736,1499,1963,1064,3785,2067,1876,1178,1130,2618,2291,4208,1456,798,1800,1089,1985,2056,1387,1367,1572,2516,1371,1018,1016,912,2091,1400,1684,759,1031,860,1157,1619,1850,2297,1228,880,831,1176,1507,1115,1174,771,899,1642,713,1145,1544,1361,902,1767,1373,903,927,565,660,1739,881,1925,1100,1150,1151,735,820,1290,1401,1570,1145,564,772,422,1301,714,1048,1023,792,1714,3499,3533,558,1212,1305,779,2037,873,812,835,1377,2004,865,3007,2601,1030,1153,1221,1165,1005,947,2178,580,1149,558,850,953,826,1568,1531,757,1521,1433,3445,723,1320,1223,821,942,854,1379,1428,700,1447,2380,835,1228,1485,2176,607,3803,1367,994,1012,1017,2698,636,833,638,1017,9800,2940,958,1565,646,906,2052,812,1029,847,2145,698,2150,2729,2395,564,565,1460,883,941,1296,751,1889,1521,789,1024,1408,1848,1570,990,653,769,741,567,1305,570,769,882,642,999,1064,2073,744,1399,761,980,2213,701,1312,1516,1624,1018,1079,854,1644,3856,1112,11699,849,1501,1101,748,896,855,788,884,892,1272,2548,818,1565,1293,1060,1429,1249,1583,826,858,1314,1082,785,1855,649,2630,1909,1518,1021,784,1556,3796,1650,1271,1180,1022,988,1198,786,2102,1920,802,1533,963,767,1507,642,1280,1902,715,984,1270,1218,1413,1214,4456,706,2262,944,1179,1519,765,851,1200,991,1438,2048,1733,672,1368,621,1176,1482,1083,948,1298,694,951,717,2012,938,11978,678,1208,994,945,1535,786,1659,1887,6140,884,1426,785,967,1219,2584,646,636,1026,529,1615,917,959,1302,3855,945,1066,1187,1029,931,7458,2160,1277,764,1191,1250,1166,1063,1715,761,3153,1047,961,1715,1141,569,1366,6235,1520,1000,1949,616,908,1415,1135,968,3105,2795,755,2386,968,1056,2145,1368,887,1199,958,968,674,1632,669,1112,562,1276,1870,872,899,476,1168,1956,1677,1448,1706,976,633,1371,2160,2138,992,693,1342,1217,1293,722,852,1009,1632,698,590,769,1329,1058,1089,611,3620,580,643,1636,578,5175,1114,2218,1449,1035,743,1355,746,710,1167,727,1042,1079,952,1197,835,796,917,894,1247,931,1192,1304,1264,994,685,3199,800,1277,812,2464,595,825,1160,683,609,1119,925,1556,1032,1232,2131,920,1350,1295,1025,1358,532,795,962,885,726,1149,558,810,1164,1565,1398,1019,1324,1462,1864,656,1845,1019,1225,711,812,2367,1078,1269,775,1070,824,738,705,2434,1477,604,838,604,1533,1804,921,992,1339,648,2233,792,831,828,2258,752,1778,886,977,785,2017,842,2248,1484,1691,1425,1782,1839,1201,1266,908,1380,781,759,652,791,1620,535,3933,2553,1394,1938,995,2042,1434,1926,2977,1148,1133,2401,1988,993,1984,662,1011,2709,748,1285,2164,1064,1017,1079,1581,1045,631,1077,2341,2652,630,940,2502,2968,698,1195,677,1068,7017,4182,850,568,3125,1204,795,1483,1115,1008,646,2089,1923,2346,590,929,835,1226,1590,2337,2347,775,2820,1456,2408,1444,1193,1562,824,791,1016,1500,755,1527,1077,1380,924,1053,3863,1747,936,1194,1043,1836,1396,798,813,768,1346,1237,1650,784,905,837,918,535,1463,2176,756,1875,1875,794,1506,1240,6386,892,2030,1339,1113,2132,2279,2340,821,1636,1885,5763,2323,1017,741,2148,1245,1556,1321,1460,1248];
trainSet.lines = [41,56,91,55,62,73,81,41,46,49,100,66,54,57,40,102,63,89,116,53,67,64,389,74,66,59,47,41,52,55,45,55,54,73,43,80,35,69,66,114,48,75,62,95,99,77,49,50,69,40,50,51,51,67,72,45,128,84,50,59,91,28,60,79,86,63,86,30,57,79,93,74,61,54,91,58,57,43,71,43,59,64,91,80,82,54,76,78,70,47,63,48,70,74,64,52,61,70,35,56,58,76,49,201,117,67,65,63,110,82,104,75,31,63,53,87,77,77,59,82,137,68,49,51,56,78,49,65,31,40,47,44,48,43,71,37,40,40,47,77,56,56,42,38,61,43,40,54,63,29,49,55,39,43,33,35,47,40,87,61,48,59,28,41,46,64,60,52,32,39,24,39,33,51,35,42,82,120,112,34,49,50,34,59,54,29,40,51,120,47,67,140,38,42,56,51,39,40,63,34,47,28,57,47,33,53,40,36,65,49,92,37,41,44,37,39,39,52,44,25,50,99,36,43,56,79,28,86,57,42,34,45,126,25,51,32,47,72,118,36,45,35,39,88,37,41,42,62,46,103,63,82,36,32,66,49,59,65,38,59,54,38,37,74,42,60,34,32,37,37,34,43,34,41,57,41,43,38,87,37,54,39,51,133,44,41,45,70,57,34,35,64,118,56,146,35,81,32,56,49,34,61,39,45,36,60,42,67,33,37,72,49,80,40,43,34,47,44,51,35,81,78,54,48,34,45,133,89,65,47,70,43,46,40,68,71,34,80,46,38,90,32,39,73,47,34,61,55,44,43,208,45,79,51,48,46,37,43,32,46,57,69,63,88,40,33,62,63,43,56,40,30,49,33,86,43,165,42,54,54,32,50,33,60,74,134,55,48,51,53,45,87,37,38,42,39,48,40,55,53,61,40,45,81,55,35,240,93,46,34,33,58,46,69,70,41,138,52,47,66,53,34,44,186,44,44,90,41,47,68,58,45,103,107,43,96,50,46,64,54,56,38,45,43,33,83,37,35,28,71,79,44,37,30,58,101,95,49,51,45,29,44,83,51,45,29,46,31,56,44,45,42,71,31,36,40,45,40,54,31,91,43,40,70,29,104,48,39,56,56,39,65,37,36,51,31,40,41,34,52,43,43,51,43,76,43,62,52,44,59,33,64,26,46,43,125,23,28,47,45,39,46,37,65,37,80,51,80,37,35,56,70,40,49,46,36,45,60,28,43,40,84,47,43,47,46,82,31,96,49,45,38,45,101,47,44,34,39,40,51,30,70,60,35,44,27,41,60,43,36,39,33,64,51,56,45,81,34,67,40,45,41,70,26,66,52,66,55,83,42,85,89,40,43,35,30,36,35,32,23,176,66,51,38,67,97,57,87,159,61,34,83,43,58,47,31,55,65,44,57,55,63,43,65,62,41,31,49,108,112,34,40,79,91,40,85,41,61,144,230,48,30,100,58,31,64,58,41,38,78,58,100,27,32,35,65,51,93,78,30,154,47,51,38,44,45,47,30,47,104,30,53,56,86,54,37,59,92,46,53,93,61,58,40,52,52,63,53,81,35,40,40,49,26,73,116,36,89,74,47,75,45,175,54,82,68,59,71,103,108,39,75,110,312,51,43,29,64,48,48,34,76,53];
trainSet.includesCount = [4,3,15,4,11,3,18,5,20,15,19,19,11,2,3,11,22,9,6,15,18,12,30,13,11,8,25,3,22,4,15,10,16,7,10,17,10,12,4,13,8,3,14,23,9,5,5,17,2,2,9,11,15,13,12,3,9,15,7,11,1,3,8,6,26,11,13,3,2,13,23,21,5,2,3,15,14,2,6,1,3,19,6,21,5,6,10,13,3,21,17,1,5,2,4,10,12,7,13,11,8,7,6,11,14,9,1,5,5,9,4,15,5,13,12,8,12,2,17,6,16,1,5,2,2,4,7,7,7,12,6,4,9,25,14,21,8,5,12,14,6,5,3,10,5,7,16,17,13,4,17,11,16,2,2,6,22,2,4,2,11,2,10,5,24,7,18,8,3,2,3,13,2,8,12,9,1,3,24,3,13,10,9,14,1,3,5,6,14,3,26,8,16,3,3,2,2,11,19,1,3,1,4,6,12,25,24,4,15,6,24,1,19,3,7,9,3,11,16,4,13,15,9,9,16,20,3,20,13,6,4,7,9,3,3,1,2,11,20,20,22,2,1,11,19,4,2,19,3,5,19,9,3,3,13,3,7,7,1,14,3,5,11,10,20,4,10,2,3,3,3,3,2,2,1,2,13,12,12,1,9,5,6,6,2,6,13,2,6,12,8,23,0,3,9,4,6,17,2,3,14,1,16,2,12,11,3,15,17,13,9,2,8,6,4,15,3,5,19,5,13,4,4,3,1,14,32,8,2,17,7,11,6,5,21,18,9,9,14,2,10,3,11,3,1,9,3,3,26,11,17,3,31,3,16,18,4,2,19,13,2,4,12,1,15,4,0,3,11,5,15,11,3,4,13,11,11,2,11,2,14,11,4,3,18,27,2,2,3,4,19,13,2,3,13,1,18,3,6,1,7,3,8,1,3,14,26,18,19,2,12,13,2,8,9,7,13,1,8,8,5,3,3,9,22,8,3,3,6,3,9,9,7,13,1,19,1,9,19,11,1,22,12,4,2,8,2,16,3,10,5,6,4,2,5,3,6,16,30,3,3,18,9,28,7,3,24,10,14,1,7,1,19,2,2,3,17,15,3,1,22,1,3,3,2,23,4,19,11,2,1,3,1,3,15,4,13,14,5,2,3,5,3,6,3,13,6,9,14,2,8,20,10,25,11,14,3,4,12,3,3,5,3,14,3,4,6,10,12,25,3,2,1,6,2,3,2,2,2,6,19,4,10,3,14,22,13,1,6,9,13,2,3,3,12,20,3,11,2,2,5,15,14,3,5,3,22,20,3,12,14,3,19,12,3,5,25,3,6,10,3,1,14,10,18,11,20,2,8,22,9,12,2,15,3,9,5,1,24,4,21,18,2,35,5,3,21,2,1,3,27,15,16,5,13,1,4,54,3,13,19,8,3,10,9,9,4,7,16,12,7,2,6,15,4,1,1,2,20,7,3,2,26,2,8,13,3,1,4,4,23,2,2,2,10,14,13,15,19,12,6,7,3,13,4,15,2,4,2,7,3,21,3,5,3,20,29,3,2,20,2,12,25,3,3,1,2,4,6,6,10,6,9,3,7,6,3,10,2,2,7,14,4,3,10,1,2,12,2,7,5,5,12,6,17,11,3,18,10,19,21,9,9];
