smallSet= struct();
smallSet.labels = ['length       ';'lines        ';'includesCount';'loops        ';'vars         '];
smallSet.length = [3155,1313,892,1515,995,992,1222,1016,2748,1071,1032,927,1874,995,2140,872,2506,858,858,858,1463,1372,2463,1172,1113,1119,2363,1566,2625,2283,3552,1994,1738,967,1197,1479,1695,849,3747,1089,1375,653,1437,899,1127,2310,1135,1648,1368,1566,1566,1346,1149,964,1223,1173,2260,1191,767,1725,1651,969,2437,1805,1677,920,1660,1098,879,2137,754,2838,6196,823,868,1813,1863,2860,1742,3391,1714,872,821,2424,2488,1757,1003,1741,2371,1243,922,769,1106,3987,2544,1549,1076,1754,1055,841,1610,1277,1227,1483,1870,2204,1543,1276,2498,1225,2228,1515,2526,1906,2181,1314,894,1487,1596,1422,1007,717,864,2042,2747,1400,1603,1300,1227,1472,1031,2000,1560,1552,918,887,1056,3082,1292,3528,1608,1029,1218,1565,4011,1226,732,1194,1157,1179,986,1447,989,3241,1310,2200,1387,1828,1200,1331,1547,1505,1312,1671,872,1494,1312,1796,1239,768,773,1836,1016,2213,1758,2651,3446,2720,1012,1127,1043,3010,2280,1374,2550,2816,1528,1349,1530,1165,1495,1600,2077,2115,2426,1648,1642,1348,1486,1290,2543,1450,1615,737,1510,946,872,1091,732,2547,1192,2709,1296,2552,1278,1410,1057,878,2881,1092,932,5081,1266,1048,2094,913,1301,1331,1532,1490,1300,1321,941,1050,1553,1502,1119,1393,2073,4681,1574,767,1376,1751,816,1019,827,1174,1742,3108,2201,1173,2188,1199,1688,1505,1049,1545,1226,1032,1983,1394,1031,1922,9968,1133,4562,3469,1669,1333,1115,1949,1236,1319,745,1915,823,1084,4088,1643,2422,157,1638,906,1163,661,1550,714,2468,1736,1812,1873,2211,914,1015,1254,1362,5808,980,2418,1599,2310,76,2820,2419];
smallSet.lines = [130,48,70,47,43,46,53,50,78,46,41,43,76,59,110,45,113,56,56,56,74,58,75,50,56,64,126,53,90,60,177,111,81,58,46,45,52,35,85,69,79,44,75,56,49,64,50,91,75,83,83,51,54,66,43,51,89,90,50,73,66,57,69,76,106,47,48,57,45,95,47,86,222,55,73,101,54,113,95,132,115,37,47,64,129,101,37,48,91,55,48,36,46,172,67,73,62,108,49,46,77,53,54,64,63,75,83,55,113,60,97,62,66,63,115,61,50,76,61,54,37,44,49,137,138,48,72,49,61,77,48,92,65,79,60,50,60,184,61,181,84,70,71,86,185,57,30,65,69,51,39,63,49,118,56,131,85,140,91,87,66,40,68,81,61,52,68,88,52,40,37,64,58,135,77,134,153,141,79,80,61,130,100,89,112,136,76,66,67,53,107,82,66,79,122,83,83,61,85,73,67,54,63,50,66,50,53,74,58,67,67,80,95,67,74,75,45,49,156,76,62,228,88,57,92,36,70,40,55,73,71,60,52,40,62,71,48,69,63,170,88,49,83,66,45,51,64,53,64,165,128,58,152,41,73,60,41,65,65,47,49,58,58,62,380,78,90,120,77,94,63,89,73,64,49,75,34,55,170,58,82,12,93,48,72,56,71,44,114,62,91,85,104,65,42,48,54,155,47,85,79,81,8,78,67];
smallSet.includesCount = [4,2,2,6,20,4,12,1,19,16,3,3,14,1,2,2,20,2,2,2,1,2,14,4,1,3,4,4,19,3,3,6,21,12,1,16,5,3,13,3,2,2,4,1,1,16,2,4,2,14,14,6,3,1,3,3,4,1,1,3,23,1,18,16,6,3,14,7,1,13,4,20,4,3,3,7,2,18,8,15,2,1,1,3,4,3,5,15,7,3,1,1,3,8,22,2,2,2,7,6,12,1,5,11,10,2,13,1,4,2,6,2,1,1,5,5,2,4,10,6,8,1,1,7,2,2,2,1,3,3,1,5,1,16,4,1,1,3,5,9,19,1,5,3,5,5,4,1,1,4,1,4,8,1,1,2,5,10,2,3,2,2,5,3,2,15,5,13,5,2,2,4,3,5,18,3,4,2,0,3,3,1,2,3,13,1,1,1,3,2,2,2,14,3,6,2,2,5,2,2,22,3,3,2,3,2,1,2,2,22,2,18,1,22,1,10,3,1,5,2,3,16,10,3,22,1,1,19,19,3,4,2,1,2,3,2,4,5,17,4,3,1,11,4,1,4,2,4,27,5,10,4,2,2,7,1,5,2,3,3,12,3,3,3,8,6,24,2,2,4,3,1,3,3,3,2,4,8,3,6,4,1,4,3,3,3,1,2,4,6,1,2,9,5,7,2,10,3,2,2,1,4,1,2,16];
smallSet.loops = [18,9,7,17,5,13,7,9,0,7,7,6,9,7,14,7,14,7,7,7,13,9,3,9,12,7,11,9,11,13,12,9,13,9,9,1,8,7,13,15,13,7,11,7,7,2,9,11,15,7,7,11,7,11,7,7,10,9,7,11,11,13,1,13,18,7,1,7,7,1,7,7,21,7,7,5,9,0,9,9,13,1,5,7,10,11,0,12,7,10,7,9,9,11,8,15,7,5,7,5,6,7,7,7,9,11,13,6,7,11,11,7,7,17,8,7,9,9,6,9,9,7,7,13,12,8,7,7,9,10,13,8,7,11,5,11,7,20,8,10,7,7,7,7,23,7,1,12,7,5,7,9,1,23,7,13,9,13,7,11,7,7,7,7,7,7,7,1,6,7,7,7,5,9,10,17,9,9,7,13,13,14,11,14,2,11,13,9,8,9,11,8,1,14,8,8,8,9,11,7,8,7,7,7,11,7,7,7,7,8,8,7,13,8,7,7,7,11,12,7,7,15,8,11,12,7,7,7,7,8,7,9,6,8,9,12,10,10,8,24,7,7,0,11,5,7,7,9,0,12,15,7,17,9,11,7,11,7,9,9,4,11,7,15,13,7,14,8,9,7,13,9,13,11,5,7,7,6,11,7,10,0,8,7,7,7,7,7,13,7,4,11,8,7,7,6,7,12,7,8,13,13,0,9,2];
smallSet.vars = [34,14,14,6,9,19,3,18,10,14,15,13,15,16,19,2,33,6,6,6,11,7,10,14,17,14,21,14,14,3,45,25,16,13,12,19,24,9,28,21,22,2,18,15,12,18,18,5,26,12,12,18,13,6,11,14,12,15,8,3,18,18,19,21,18,16,3,18,4,13,11,5,18,11,9,13,3,22,6,30,9,11,15,8,12,19,3,24,31,13,10,20,14,29,19,25,12,35,11,12,13,12,15,14,17,15,20,4,24,19,23,8,11,30,14,11,3,25,7,3,4,6,11,25,44,3,7,2,13,17,17,25,11,19,10,18,14,29,19,31,23,6,21,12,28,13,9,17,10,7,9,3,5,37,3,22,14,22,20,6,15,14,12,16,15,9,12,11,10,2,2,15,12,27,18,78,29,19,11,20,19,23,15,15,23,28,22,16,15,8,9,17,15,3,15,17,17,16,21,9,19,12,15,4,19,9,5,9,4,19,17,13,18,19,13,28,3,9,20,16,15,24,14,3,3,11,11,10,16,28,17,10,13,10,16,14,21,14,30,79,16,11,7,16,7,21,2,15,9,53,3,11,28,12,17,14,15,13,20,3,8,18,14,28,40,23,35,24,29,17,19,19,19,18,11,7,10,11,15,11,19,2,16,15,8,2,3,7,27,9,22,5,35,4,14,3,5,24,14,17,2,18,1,13,18];
smallSet.states = [0,0,0,0,0,0,0,0,0,0,0,0,0,0,0,0,0,0,0,0,0,0,0,0,0,0,0,0,0,0,0,0,0,0,0,0,0,0,0,0,0,0,0,0,0,0,0,0,0,0,0,0,0,0,0,0,0,0,0,0,0,0,0,0,0,0,0,0,0,0,0,0,0,0,0,0,0,0,0,0,0,0,0,0,0,0,0,0,0,0,0,0,0,0,0,0,0,0,0,0,0,0,0,0,0,0,0,0,0,0,0,0,0,0,0,0,0,0,0,0,0,0,0,0,0,0,0,0,0,0,0,0,0,0,0,0,0,0,0,0,0,0,0,0,0,0,0,0,0,0,0,0,0,0,0,0,0,0,0,0,0,0,0,0,0,0,0,0,0,0,0,0,0,0,0,0,0,0,0,0,0,0,0,0,0,0,0,0,0,0,0,0,0,0,0,0,0,0,0,0,0,0,0,0,0,0,0,0,0,0,0,0,0,0,0,0,0,0,0,0,0,0,0,0,0,0,0,0,0,0,0,0,0,0,0,0,0,0,0,0,0,0,0,0,0,0,0,0,0,0,0,0,0,0,0,0,0,0,0,0,0,0,0,0,0,0,0,0,0,0,0,0,0,0,0,0,0,0,0,0,0,0,0,0,0,0,0,0,0,0,0,0,0,0,0,0,0,0,0,0,0,0,0,0,0];
