smallSet= struct();
smallSet.labels = ['length       ';'lines        ';'includesCount';'loops        ';'vars         '];
smallSet.length = [2764,1744,2210,2851,2037,2370,1959,2341,2310,2318,1334,1941,2456,1998,1612,3210,1751,5559,2379,2265,2682,2569,2481,2328,1764,3259,2990,2428,1814,1617,2259,4516,1753,2701,3084,1187,4970,2900,2269,2809,2452,1841,2825,4496,2844,2292,1088,3877,1660,1510,2882,3226,2915,2885,2006,1815,1671,1872,3462,2223,1457,1950,1714,3800,3928,5261,3634,1397,3840,4746,2458,2052,2948,1676,2337,1974,2292,3158,1420,2618,7920,1994,3643,1537,6266,3778,2929,2946,2167,3897,1655,2014,3065,2680,2058,1829,2066,1367,3001,3204,4278,3407,3018,2143,3090,5543,1525,1848,2979,1507,1664,1588,2339,2285,2025,2479,3137,2647,1590,3480,1288,2552,1043,2816,3108,1715,2643,1488,1794,2206,3868,1969,2073,1600,1732,1857,2308,6635,2420,2670,2083,2314,1817,2204,6247,3002,3591,2880,4641,5555,3531,3692,4719,1807,4131,2118,1706,2512,2190,2012,2109,1397,2310,2510,1802,1968,1992,3933,1769,1953,1911,2482,2624,1917,1584,2044,2183,2387,1864,3132,1091,2632,2099,1677,3356,1871,2431,1616,2112,1354,1767,1665,4735,1870,3273,2092,1884,2356,3844,2724,1588,1590,2273,3010,2834,1602,1519,2327,1888,1862,1471,3614,2529,1156,2838,2841,1999,2138,2047,2099,3539,2363,2186,2352,2782,2484,2224,2175,1198,1505,1654,1619,2485,1522,2864,2189,1987,2600,2781,2104,1782,4106,2128,2032,2597,2098,2716,3008,1655,2735,2087,2566,2842,1958,2285,1984,1962,1777,1859,1597,2403,1581,2077,4476,1832,2299,2444,1698,2309,1868,1492,3416,1886,3715,2209,2611,3121,2155,2902,2566,2152,2435,2677,1895,3048,1436,2325,2435,2557,3386,3092,1813,2678,2598,1696,2683,2348,2582,1970,3091,2510,5197,1973,5225,2537,1947,2344,2253,1856,2483,1363,3166,2292,3056,3385,3900,3605,2548,2744,2876,2698,3617,2656,3083,3092,1510,1988,2512,2010,2612,1884,2438,3119,2635,1476,1571,2594,3460,2382,1495,2637,2802,3108,2482,3783,2531,1222,1593,4440,5278,3601,1514,3352,3056,2969,2365,2020,1723,1874,2015,3455,1465,5058,1579,3202,2038,2919,1531,2362,1453,3257,2478,2131,3249,2791,3409,1790,5979,2248,2399,2195,3201,2220,1294,1645,2070,3964,3285,2465,2119,2187,2344,3484,2419,2221,2212,2684,5603,1987,4762,2290,2191,2665,2814,1350,2872,2935,3329,1865,1396,1817,5331,2635,1975,2607,2754,3483,2082,2962,2462,1537,2716,3468,2453,1457,5012,2752,2147,5685,2784,5033,4265,3212,3630,3159,2925,1179,1816,2127,7651,1438,4855,2549,2218,1891,8590,1619,2123,2290,1718,2801,2078,1654,2456,2672,2908,2650,2220,1577,1866,2831,1800,2776,2124,2418,2361,3149,4058,1497,3839,2155,2799,1549,2451,2001,1935,1331,3341,1591,1660,1840,2194,1948,4608,1701,4761,2532,1586,3053,1637,1811,4300,1885,3302,1897,3072,2663,2201,2351,2530,1538,1557,1160,3056,1852,2128,6901,1735,2426,6773,2694,1478,4768,1717,4373,3316,2147,2608,5708,1411,46946,1909,2508,1729,2159,3412,2397,1584,2598,1776,4057,2202,3885,1597,1954,2588,2331,2002,2927,2812,2702,2427,2278,6078,2178,2530,2425,2959,2355,2028,5439,3800,3169,2127,3010,3221,2706,5673,3464,2544,3273,1669,2532,2961,2299,2045,2655,3995,2823,2816,1325,1212,2631,3348,1332,1619,4270,1431,2189,2657,1445,3124,2521,2102,4353,1551,2366,1602,1917,1961,2770,1478,1505,2679,1351,1944,1171,1584,1975,2276,2062,3014,1446,3156,2134,2274,2033,5175,3405,4574,4144,2336,4802,1748,1465,1920,1394,1635,2384,1861,2374,5496,5605,2767,2455,2271,1755,1745,1652,3895,3729,2458,2044,1662,2010,1841,1803,2275,2035,2427,2821,1901,2568,2390,8283,2453,2461,2466,2745,2763,1093,5542];
smallSet.lines = [107,72,102,150,98,115,83,108,90,101,143,67,136,77,54,127,81,223,95,97,105,101,80,89,77,93,126,102,87,78,104,194,135,89,118,62,100,149,120,90,76,113,110,144,115,109,45,118,62,82,117,158,158,132,118,90,77,89,113,105,77,121,65,150,146,186,157,61,124,152,86,82,118,70,80,69,119,118,79,117,361,91,140,67,229,113,97,126,98,177,79,84,117,132,92,84,92,70,103,138,107,107,123,88,131,271,77,73,103,62,70,65,117,81,77,115,101,97,70,123,51,139,77,110,111,84,176,74,98,90,156,87,104,75,72,68,84,256,75,88,87,110,95,102,200,106,105,139,196,189,114,116,141,58,131,107,68,115,81,81,114,68,137,84,72,140,75,137,86,103,94,90,132,104,85,86,113,109,106,124,63,136,95,83,146,95,85,90,134,81,78,83,224,113,111,88,100,113,156,103,75,102,96,137,124,72,87,81,61,71,66,119,112,66,98,139,86,130,89,85,130,98,75,79,80,85,90,130,69,93,79,87,86,73,104,118,96,97,99,77,68,150,85,96,96,108,173,103,72,80,77,93,111,76,110,139,87,95,65,80,94,92,106,171,82,115,110,70,77,81,69,122,80,126,94,108,132,167,120,89,83,89,128,77,180,69,119,77,9,121,134,85,120,105,57,107,115,104,101,104,108,183,76,220,145,106,112,102,104,102,94,127,98,169,159,118,144,105,130,135,146,119,121,137,167,55,80,125,110,169,109,102,136,117,72,69,89,143,117,64,106,132,104,115,101,116,69,92,183,187,166,72,146,152,134,102,85,67,102,91,132,77,207,93,162,83,102,78,134,81,117,103,94,106,115,142,75,288,87,132,84,77,80,54,67,107,195,148,82,101,74,90,194,96,89,67,104,140,97,117,82,104,96,126,81,133,129,125,82,83,81,130,68,85,127,81,114,97,125,101,72,142,124,117,69,204,142,68,266,109,160,141,95,113,130,151,70,5,91,332,94,176,97,86,93,323,68,116,90,85,91,98,83,108,127,86,114,72,68,93,96,60,151,89,101,96,148,133,75,181,70,85,82,90,69,94,82,119,85,94,86,10,105,191,98,243,92,77,137,74,83,107,94,140,97,111,126,91,106,109,59,58,56,102,108,96,182,78,93,293,109,83,30,86,202,119,93,117,180,40,1170,79,107,88,94,163,126,70,116,71,171,115,132,99,109,105,114,80,75,95,95,84,89,199,75,105,106,88,111,95,266,155,98,9,122,99,108,255,195,93,170,60,106,96,128,107,110,134,128,102,54,72,88,111,90,103,167,81,99,135,77,91,98,104,178,77,131,88,69,101,114,68,97,94,95,81,69,98,95,101,113,110,86,130,123,93,81,190,160,199,200,126,184,89,52,104,75,78,115,84,90,251,216,120,84,97,62,89,73,146,154,85,80,76,84,76,102,142,83,96,109,110,84,122,444,85,85,85,113,91,49,241];
smallSet.includesCount = [22,6,5,10,10,10,11,5,14,7,1,4,14,2,1,17,4,13,16,11,16,24,14,25,7,16,6,20,5,5,1,14,1,15,9,6,9,11,13,12,18,4,16,19,18,2,4,28,21,6,2,21,3,14,3,13,7,10,27,2,5,6,5,5,4,6,5,14,3,6,5,19,21,10,9,16,9,19,1,8,7,6,23,2,18,16,3,19,3,21,2,12,19,14,3,3,14,3,17,15,16,17,23,17,6,5,4,3,13,3,3,17,13,14,2,2,17,4,2,21,2,6,1,6,13,12,2,4,10,16,10,6,3,14,5,5,5,17,3,14,17,12,5,3,11,19,3,8,17,20,7,12,19,13,5,4,11,5,9,15,5,2,18,14,4,1,17,16,1,13,3,6,3,3,14,18,9,17,10,3,4,13,14,4,12,19,4,14,8,5,8,5,17,4,2,8,1,3,14,3,3,4,13,14,16,7,3,6,18,16,3,24,6,4,15,13,8,2,2,18,16,12,11,4,10,10,17,3,3,10,3,4,12,3,12,3,8,3,2,13,3,18,12,14,11,7,7,17,8,25,15,13,10,2,3,9,6,5,18,2,18,10,4,2,11,1,14,11,4,6,2,13,5,15,8,6,15,5,4,15,14,4,16,3,5,2,7,6,0,15,6,2,6,11,4,4,5,2,15,8,12,6,15,9,9,10,13,15,2,7,2,18,9,6,7,5,13,12,9,26,10,11,5,19,21,4,15,8,13,21,2,2,4,14,3,12,10,16,17,2,17,5,9,17,11,7,2,4,5,9,23,6,5,10,5,6,14,19,2,12,10,2,9,3,19,8,18,6,13,4,9,2,15,21,20,21,12,9,9,13,14,14,11,2,5,5,5,5,9,10,4,3,4,13,13,10,18,16,9,17,13,10,12,5,4,5,16,32,16,2,3,26,18,4,14,21,1,2,13,27,2,9,15,3,2,5,13,27,14,5,14,16,19,10,23,13,2,0,6,6,2,4,14,13,3,12,2,9,17,5,6,24,3,3,15,19,15,4,2,5,16,3,21,12,12,9,14,10,12,5,21,16,6,8,4,6,2,4,12,10,18,0,5,4,4,4,7,13,3,2,5,11,13,9,3,7,4,16,7,12,4,4,3,23,3,5,19,11,8,8,4,5,0,11,4,2,17,15,23,3,21,11,17,6,3,6,7,8,8,12,2,3,25,6,3,3,14,6,18,15,12,5,3,17,13,8,11,15,13,10,11,3,1,0,11,7,21,20,2,14,19,16,5,33,3,1,17,18,5,22,5,2,25,2,6,2,3,3,4,11,5,22,18,5,17,11,11,4,2,9,13,12,6,17,3,11,2,2,15,3,6,18,5,4,16,11,9,3,3,8,9,3,5,5,4,14,5,2,9,7,8,8,15,21,12,4,3,10,3,10,5,12,6,6,4,3,6,12,2,17,8,2,4,16,3,12,12,12,15,21,3,6];
