testSet= struct();
testSet.labels = ['length       ';'lines        ';'includesCount';'loops        ';'vars         '];
testSet.length = [4304,3418,4050,3425,2762,4982,3696,3925,2862,3709,2734,3026,2702,2245,1995,1809,3604,3828,2204,3123,3135,3377,3794,4536,2221,3184,2643,3980,2345,2659,3463,5233,2764,1744,2210,2851,2037,959,2370,1959,2310,2318,1998,1612,1751,5559,4683,2379,2265,3765,2682,2481,1764,3273,3259,2990,2428,1814,2259,4516,1753,2701,1187,2900,2269,2452,2825,2844,3877,1660,1510,3209,2882,2915,2885,2006,1872,1457,3928,5261,4537,2948,1974,3115,2346,1420,2618,7920,3643,1537,4161,1655,2014,2058,2066,4009,3407,5543,1525,1848,2979,1588,2479,3619,2647,1288,1043,2643,1794,2206,3868,1732,1857,2308,3589,4593,2420,2670,2314,3528,3002,4377,2498,6624,3067,4641,1807,4131,1706,2512,1832,6274,2190,2012,2109,1397,2510,1802,1968,1992,3933,1769,1911,2624,2044,2183,1864,2632,3356,1767,1884,3844,2724,2273,1602,1519,2327,1888,1471,3614,2838,2047,2363,2186,2484,2175,1619,2485,1522,2189,2104,2597,99,2716,2735,2087,2566,1984,1777,2403,1581,3181,1832,2299,2444,1698,2309,3416,2611,2566,2152,2435,2677,1895,3048,1436,2325,2435,2557,4198,3386,1813,2678,2598,2683,3971,2582,1970,3091,1973,1947,4110,1856,1363,2292,2548,2744,2876,3617,3083,2612,1884,3119,1571,3298,3460,1495,3108,2482,3783,1222,5085,1593,4440,5278,3601,1514,3352,2969,2365,1723,3455,3809,5058,1579,3202,1531,2362,1453,3257,3409,1790,5979,2195,3201,1645,3964,3285,2465,2212,2684,1987,2191,2665,3329,1865,2635,2607,2962,2462,1537,3468,1457,2752,2147,5685,2932,7651,1438,2218,2123,2078,2650,2220,1866,2831,1800,2418,1497,2799,1935,1331,1660,1840,2194,4608,1701,3627,2532,3053,1811,3302,1897,2530,1538,1557,3056,6901,2426,4768,1717,4373,3316,2608,1411,46946,1729,3412,1584,1776,1954,2331,2812,2427,2178,2425,2355,2028,5439,3800,3010,3221,2706,5673,3464,2544,2299,3995,2823,1325,2631,1332,1431,2189,1551,1602,1917,1961,2770,1505,6450,1944,1171,1584,1975,2276,2062,1446,3405,4144,2336,4802,1465,2384,1861,1745,3729,2458,1662,1803,2035,1901,2390,8283,2466,2763];
testSet.lines = [168,131,200,143,116,280,152,170,121,160,122,137,143,79,102,81,188,147,113,154,108,122,186,226,116,165,95,191,114,142,167,311,107,72,102,150,98,18,115,83,90,101,77,54,81,223,184,95,97,191,105,80,77,167,93,126,102,87,104,194,135,89,62,149,120,76,110,115,118,62,82,141,117,158,132,118,89,77,146,186,222,118,69,160,107,79,117,361,140,67,174,79,84,92,92,178,107,271,77,73,103,65,115,174,97,51,77,176,98,90,156,72,68,84,143,157,75,88,110,200,106,157,148,284,181,196,58,131,68,115,96,244,81,81,114,68,84,72,140,75,137,86,94,132,86,113,106,136,146,78,100,156,103,96,72,87,81,61,66,119,98,89,98,75,85,130,87,86,73,118,77,96,7,173,80,77,93,139,95,94,92,111,82,115,110,70,77,122,108,89,83,89,128,77,180,69,119,77,9,205,121,85,120,105,107,160,104,101,104,76,106,140,104,94,98,105,130,135,119,137,169,109,136,69,144,143,64,104,115,101,69,263,92,183,187,166,72,146,134,102,67,132,137,207,93,162,78,134,81,117,142,75,288,84,77,67,195,148,82,67,104,97,104,96,125,82,68,127,125,101,72,124,69,142,68,266,102,332,94,86,116,98,114,72,93,96,60,101,75,85,94,82,94,86,10,191,98,169,92,137,83,140,97,109,59,58,102,182,93,30,86,202,119,117,40,1170,88,163,70,71,109,114,95,84,75,106,111,95,266,155,122,99,108,255,195,93,128,134,128,54,88,90,81,99,77,88,69,101,114,97,260,81,69,98,95,101,113,86,160,200,126,184,52,115,84,89,154,85,76,102,83,110,122,444,85,91];
testSet.includesCount = [5,7,3,14,0,14,7,15,3,5,5,11,11,5,1,3,13,13,7,5,4,3,2,9,14,16,4,15,8,4,3,3,22,6,5,10,10,1,10,11,14,7,2,1,4,13,11,16,11,16,16,14,7,6,16,6,20,5,1,14,1,15,6,11,13,18,16,18,28,21,6,11,2,3,14,3,10,5,4,6,5,21,16,12,4,1,8,7,23,2,16,2,12,3,14,17,17,5,4,3,13,17,2,9,4,2,1,2,10,16,10,5,5,5,4,20,3,14,12,8,19,10,16,11,1,17,13,5,11,5,8,9,9,15,5,2,14,4,1,17,16,1,3,3,18,9,10,13,12,8,1,14,3,13,7,3,6,18,3,24,15,2,12,11,10,3,4,12,3,3,13,11,1,7,25,15,13,9,5,18,10,2,11,1,14,11,4,13,6,15,14,4,16,3,5,2,7,6,0,6,15,2,6,11,4,16,2,15,8,15,10,13,2,2,9,12,9,26,11,19,21,2,4,12,6,16,2,9,17,11,2,13,4,5,9,23,6,5,5,6,19,10,15,9,3,19,6,13,4,9,21,12,9,14,14,5,5,5,9,10,18,9,10,12,32,16,18,14,13,27,2,15,2,13,27,14,2,6,2,13,9,24,15,4,5,16,3,12,12,16,6,2,10,18,0,4,4,3,7,3,5,9,3,12,4,4,23,19,8,0,11,4,2,15,3,21,6,6,8,12,3,14,15,5,13,11,13,10,11,3,11,7,21,20,2,14,3,18,5,5,25,6,3,4,11,4,2,9,13,6,4,11,2,2,15,3,6,5,3,9,3,5,4,9,7,10,5,12,6,6,2,2,16,3,12,21];
testSet.loops = [15,19,26,21,10,1,19,10,16,14,19,9,14,16,15,11,1,2,16,19,18,24,15,20,10,0,15,18,17,18,17,23,3,9,9,13,10,1,11,11,9,9,11,10,12,14,31,0,16,23,2,2,11,17,2,10,7,0,14,24,11,1,7,11,12,2,14,13,1,0,10,21,12,12,8,13,1,9,11,12,29,10,0,9,12,14,13,15,1,16,13,9,11,9,1,6,4,18,11,10,1,9,12,22,7,8,9,10,11,8,14,9,9,10,16,25,12,1,0,13,11,14,1,21,14,2,1,8,0,13,1,20,11,9,12,9,2,12,19,11,2,1,11,12,0,2,14,1,11,10,19,18,11,10,14,10,13,8,8,7,2,8,8,10,1,14,8,3,17,12,9,9,0,20,8,8,9,15,9,7,11,10,0,19,2,0,9,10,13,10,14,13,10,8,11,1,7,10,0,18,11,10,12,18,16,3,19,12,13,0,9,3,12,7,1,16,13,11,19,0,1,14,11,8,18,17,9,16,1,12,9,2,8,19,13,0,7,9,11,11,9,18,23,15,9,0,1,12,8,6,1,10,10,7,0,10,11,8,14,1,10,0,2,9,1,0,9,11,14,0,8,20,11,13,12,28,15,22,12,9,9,8,11,7,11,7,0,8,8,0,10,9,10,7,0,11,10,15,13,10,11,0,12,10,10,8,2,13,10,0,2,15,12,9,9,58,8,11,0,0,8,12,4,6,2,4,10,8,16,15,13,12,10,22,12,9,8,10,0,8,4,8,11,9,11,12,8,11,9,2,16,0,8,17,1,1,5,7,13,16,12,18,8,10,11,14,9,3,11,11,9,13,15,22,3,3];
testSet.vars = [49,39,47,49,17,32,39,21,27,33,24,21,38,24,15,20,34,23,34,29,28,52,40,37,28,20,23,46,15,34,17,54,21,21,28,38,27,3,20,11,26,22,19,21,26,44,13,25,29,55,21,18,27,43,22,34,25,14,25,46,28,19,18,30,17,16,38,31,31,11,26,38,28,23,27,29,26,24,36,34,60,41,18,32,29,29,37,52,28,5,39,24,32,26,18,25,33,23,20,24,21,9,23,40,20,6,23,30,24,33,35,24,23,37,35,44,22,19,24,39,30,43,26,38,24,25,12,31,21,28,16,68,31,15,28,23,29,24,13,18,26,24,27,31,19,16,29,24,33,17,11,38,18,24,21,23,27,24,17,29,20,19,24,23,22,27,26,16,23,26,15,21,1,23,26,29,13,28,21,22,22,20,14,35,5,14,14,32,29,24,27,26,34,20,25,9,21,19,0,14,20,20,27,36,25,33,15,25,28,12,27,27,26,9,34,39,31,30,47,30,17,34,31,15,18,33,24,33,18,25,20,31,21,52,18,28,24,20,28,29,27,42,36,46,27,20,14,26,31,43,23,29,34,13,10,22,18,18,9,15,38,25,21,28,23,15,28,35,24,18,12,48,20,23,31,52,30,52,6,26,33,24,21,30,28,36,12,25,15,20,8,28,16,28,0,29,18,38,27,7,25,41,25,29,21,11,16,51,27,0,20,46,26,28,14,340,16,31,8,11,21,34,16,24,17,24,29,19,20,17,29,41,36,37,28,28,25,36,21,19,24,13,20,23,13,24,22,30,23,22,40,14,14,10,23,9,24,19,29,45,34,43,9,17,28,29,19,16,4,26,23,29,28,66,16,10];
testSet.states = [1,1,1,1,1,1,1,1,1,1,1,1,1,1,1,1,1,1,1,1,1,1,1,1,1,1,1,1,1,1,1,1,0,0,0,0,0,1,0,0,0,0,0,0,0,0,1,0,0,1,0,0,0,1,0,0,0,0,0,0,0,0,0,0,0,0,0,0,0,0,0,1,0,0,0,0,0,0,0,0,1,0,0,1,1,0,0,0,0,0,1,0,0,0,0,1,0,0,0,0,0,0,0,1,0,0,0,0,0,0,0,0,0,0,1,1,0,0,0,1,0,1,1,1,1,0,0,0,0,0,1,1,0,0,0,0,0,0,0,0,0,0,0,0,0,0,0,0,0,0,0,0,0,0,0,0,0,0,0,0,0,0,0,0,0,0,0,0,0,0,0,0,1,0,0,0,0,0,0,0,0,1,0,0,0,0,0,0,0,0,0,0,0,0,0,0,0,0,0,1,0,0,0,0,0,1,0,0,0,0,0,1,0,0,0,0,0,0,0,0,0,0,0,0,1,0,0,0,0,0,0,1,0,0,0,0,0,0,0,0,0,0,1,0,0,0,0,0,0,0,0,0,0,0,0,0,0,0,0,0,0,0,0,0,0,0,0,0,0,0,0,0,0,0,0,0,1,0,0,0,0,0,0,0,0,0,0,0,0,0,0,0,0,0,0,0,0,1,0,0,0,0,0,0,0,0,0,0,0,0,0,0,0,0,0,0,0,0,0,0,0,0,0,0,0,0,0,0,0,0,0,0,0,0,0,0,0,0,0,0,0,0,0,0,0,0,0,0,0,0,1,0,0,0,0,0,0,0,0,0,0,0,0,0,0,0,0,0,0,0,0,0,0,0,0,0];
