testSet= struct();
testSet.labels = ['length       ';'lines        ';'includesCount';'loops        ';'vars         '];
testSet.length = [1378,1182,1588,761,5174,1415,1355,2230,825,3643,2041,1884,1488,1700,896,5318,1673,3483,779,840,1166,1580,1608,1275,2370,3568,1199,2817,2458,865,777,1369,1302,1060,854,2436,809,2398,1830,1098,4890,1113,3828,1030,766,1141,2966,2319,1770,1291,988,1953,1807,1303,3567,1000,2216,1318,1384,2167,1512,3226,2243,1290,1597,1052,948,2653,2899,1920,1177,1292,1872,1489,2342,790,3301,1465,1304,2815,2855,2694,1163,2648,2140,738,860,2524,1665,1871,3966,2231,1265,2149,1697,773,1745,2018,1807,1743,2205,702,1394,1703,1305,1358,1779,3536,1680,1723,1058,1092,1640,1667,1420,2645,2987,2280,2115,926,1269,1246,2017,1580,1586,1058,2649,1140,1442,1517,1593,1624,1176,975,1493,2386,1401,2368,1332,2437,1385,2145,861,1149,1066,1575,1857,594,865,849,790,901,614,1294,953,1176,971,1803,975,2335,2319,1357,1186,1215,972,1324,1230,709,842,724,1328,1727,747,704,1076,1389,1343,891,1709,1330,1340,2925,1504,2593,1360,1972,1830,1968,3491,1420,1375,1664,1112,992,1724,1343,864,1421,1087,1990,2569,2129,1086,649,1562,2158,746,969,1477,689,1225,2015,1193,1870,782,670,770,1315,2081,1482,2360,2836,872,1217,1133,1799,1124,1009,1353,900,609,1881,4520,1228,2654,555,771,1718,3704,1558,1788,1248,1117,976,1411,1637,1227,747,841,2104,1724,882,1360,2337,1245,1238,1559,2295,727,711,641,979,1334,776,1048,1258,1790,1413,1785,1451,500,604,939,1068,710,598,1207,2613,2515,1216,1433,839,4537,1366,1550,2059,916,1685,902,1625,2184,1930,1577,896,1348,2176,1400,985,928,1209,908,663,2090,3945,770,750,934,1112,739,1744,942,980,2081,871,617,1073,2960,935,858,1162,1329,701,1010,1067,1346,1177,1301,1456,779,1072,991,3936,743,1112,720,820,3546,1582,1088,844,905,1099,662,779,790,1198,2031,769,1213,831,1311,2528,932,3535,852,1466,2911,1499,926,891,2153,2683,2770,1108,1430,1377,828,1322,1422,1162,1081,2001,506,805,1303,1319,678,4146,867,2924,775,1144,1305,666,1005,1104,739,726,2739,586,1643,744,4202,1139,1734,1511,1169,1001,729,3822,1200,1362,1455,1510,1737,1136,1318,1312,670,1081,1049,1943,699,989,1595,1204,1188,1772,605,742,825,1999,1257,1478,1175,752,966,2359,970,1076,6386,1111,1996,633,1157,1621,668,1549,1890,1171,1161,1315,1288,526,1787,1607,1747,896,1099,2845,2217,2342,2236,979,1218,1109,768,934,500,1590,1045,924,781,595,1247,1103,1706,1630,833,1007,1515,4047,1008,989,1234,1113,1719,1096,1637,1495,1031,1563,1302,965,1087,738,1686,2082,1367,734,991,812,575,612,1688,2524,1164,501,1161,1370,1101,2386,677,686,877,757,1854,1135,1248,703,462,2168,1331,666,739,4280,1663,2204,826,991,1230,884,761,723,2083,915,484,1222,5463,1114,1112,1150,46394,747,628,1177,531,1436,902,869,842,1855,1220,1281,4098,2223,851,1146,850,1397,2287,2581,1051,943,1749,803,916,756,1065,778,1788,740,1979,293,634,1137,947,869,498,1212,1267,805,1589,1740,1541,2945,747,991,1221,1007,675,1078,567,1050,2166,758,980,729,1446,480,2620,675,1023,776,1425,1092,1812,830,529,936,1551,863,2199,2255,1407,1282,1664,615,1284,837,737,1445,1090,1199,434,2042,1634,2301,1702,1554,2779,834,1463,1799,3277,1143,881,877,1493,2113,784,2108,2121,876,1110,1157,1173,1000,1583,1056,1018,2408,691,889,1800,524,3907,931,2255,1246,667,1140,1377,1894,950,871,11299,1279,5036,739,1161,1708,1123,858,1212,5460,811,1111,760,1039,913,1258,695,683,1229,1110,1067,1168,1377,760,1347,1939,7140,551,805,1654,2740,900,1623,1404,825,1173,2681,828,1603,672,1872,3162,769,750,1336,918,828,965,984,1032,1228,1106,1191,883,6593,1317,887,33932,1725,1047,2190,1919,888,544,1127,806,535,5425,1032,1000,1569,1269,707,1648,1616,2333];
testSet.lines = [49,69,67,32,230,60,56,95,30,109,71,75,54,78,51,166,71,80,48,39,51,62,65,63,79,78,60,74,67,32,41,47,64,44,28,77,43,77,75,46,208,42,84,47,46,51,111,148,56,71,56,52,106,61,135,52,77,62,53,115,71,107,90,47,71,43,35,62,94,60,43,72,73,62,66,33,105,54,75,130,69,90,54,120,70,34,38,116,56,80,75,57,56,111,52,41,68,82,51,76,91,48,51,77,66,46,84,170,103,66,48,48,55,85,61,106,138,80,83,62,52,61,72,63,50,43,80,41,64,58,67,73,39,60,58,89,60,81,63,103,54,49,40,53,57,79,60,36,39,33,33,33,36,34,44,51,44,80,41,95,148,46,58,54,40,63,58,39,35,30,44,72,41,32,36,50,45,40,62,59,47,86,45,85,46,69,72,45,117,82,62,64,48,74,69,78,36,64,58,62,71,86,51,32,51,53,38,43,78,34,42,62,49,100,41,33,35,56,104,71,68,76,50,39,43,49,44,55,54,33,41,48,137,60,94,36,32,87,92,90,71,50,49,37,44,53,53,26,37,65,78,47,68,79,48,45,58,101,41,31,41,56,54,36,38,62,62,51,71,66,26,25,42,58,48,31,32,92,86,46,72,51,203,64,37,97,35,72,45,62,70,62,76,36,41,67,51,52,40,65,16,28,65,74,38,43,56,41,31,49,45,32,74,57,38,41,97,40,52,49,39,45,31,40,48,31,48,64,35,70,42,140,40,48,43,36,122,54,35,36,45,68,29,36,39,37,57,36,42,46,38,82,54,139,37,48,100,49,36,52,50,65,107,44,49,50,34,43,60,42,46,49,29,30,44,48,33,73,43,133,35,37,44,29,48,39,37,36,104,41,83,37,78,68,51,42,39,37,45,193,40,76,59,55,88,38,46,63,36,39,39,90,36,44,59,42,46,101,40,30,45,41,45,43,49,47,44,89,32,46,175,55,106,36,68,70,34,53,85,42,37,76,52,29,64,49,70,37,33,68,95,77,43,50,51,45,34,50,23,67,45,40,39,36,59,36,49,50,43,59,48,140,38,46,45,40,47,60,72,59,46,51,27,29,43,56,47,79,31,45,35,36,30,29,44,122,47,31,65,37,46,60,34,32,26,34,80,55,48,31,26,34,39,39,33,141,47,63,73,41,45,42,44,30,69,37,37,32,241,72,46,41,1136,33,30,62,29,40,41,40,34,62,32,42,119,82,49,70,42,61,87,102,51,33,41,48,39,42,48,32,78,28,101,16,48,50,34,36,34,35,69,36,64,61,55,122,36,32,33,31,42,55,41,44,63,50,50,31,60,21,89,37,41,41,40,72,67,47,30,46,60,35,52,93,60,45,83,45,49,40,54,57,40,51,36,72,53,95,63,55,65,56,65,79,112,49,38,39,38,52,41,60,60,36,44,74,51,40,56,41,52,92,38,44,58,37,73,34,81,41,48,53,67,90,51,32,286,49,92,46,64,46,41,39,66,269,46,66,42,49,59,52,32,41,62,60,53,63,50,39,50,58,370,52,42,73,104,53,59,98,45,62,129,49,74,27,84,120,33,40,61,52,55,48,31,44,55,77,46,47,226,60,33,1440,66,36,97,64,59,32,46,31,36,58,53,51,37,70,44,69,55,59];
testSet.includesCount = [10,5,14,2,18,5,12,16,5,15,16,11,14,7,7,19,3,17,2,9,2,11,3,1,22,21,3,27,4,2,1,16,4,3,5,3,9,13,21,9,5,10,19,3,2,3,20,14,1,3,5,22,5,4,18,5,20,2,4,0,11,12,15,4,13,8,5,22,22,14,13,3,8,3,15,3,17,6,5,4,11,25,2,5,19,2,7,20,9,6,12,17,5,7,15,3,11,21,5,5,3,1,8,5,16,3,17,13,3,16,11,3,14,12,16,3,4,26,17,3,3,1,27,18,1,6,19,2,5,2,3,3,3,1,14,17,5,23,6,10,10,17,4,2,1,5,11,2,5,13,14,14,4,10,5,5,13,7,1,19,14,18,1,9,5,9,21,5,11,6,18,9,2,5,11,2,11,11,15,7,21,25,17,4,12,4,16,13,5,2,1,23,16,7,12,9,7,2,1,22,22,10,11,3,13,15,3,13,21,2,15,20,19,0,1,1,2,3,8,6,14,5,1,15,15,25,10,7,9,7,6,27,23,8,23,3,15,5,23,7,3,11,5,2,3,5,15,11,6,17,8,5,5,24,14,15,9,16,8,1,3,3,9,3,10,1,19,4,4,5,2,1,10,2,1,2,26,19,11,7,18,4,12,3,15,13,11,12,7,5,21,14,6,14,20,19,8,6,9,1,14,3,17,26,8,2,7,8,11,13,11,12,17,7,3,23,15,5,2,3,14,3,12,6,3,13,11,6,3,8,5,9,3,11,1,4,5,9,11,3,9,2,3,2,6,12,24,2,22,1,20,26,4,13,3,13,11,15,3,12,15,20,10,12,16,4,10,18,4,9,22,12,3,2,7,13,2,17,2,10,2,10,15,1,3,3,2,2,10,3,8,6,26,2,19,1,10,3,9,10,14,14,2,11,5,1,1,3,2,4,14,9,4,4,8,6,2,27,1,4,2,22,2,12,18,6,3,17,12,3,4,3,1,1,8,2,2,9,22,13,12,6,15,3,12,14,14,10,14,21,12,16,17,10,2,14,9,5,3,9,10,12,12,4,1,19,23,10,3,6,13,14,19,10,10,16,5,1,11,20,12,20,18,3,7,4,16,15,16,6,4,3,2,3,21,21,14,2,4,16,2,13,2,3,10,8,16,2,18,7,1,18,14,3,3,13,8,14,9,5,15,7,4,7,2,5,1,13,15,1,5,16,23,2,2,1,2,16,8,3,3,18,12,12,22,16,6,9,4,3,3,2,4,7,22,2,6,4,5,3,1,3,3,8,0,9,2,2,2,17,5,4,10,30,12,13,1,14,1,18,3,5,3,8,17,2,9,4,19,3,14,2,9,1,10,3,20,7,1,8,6,2,39,15,10,19,7,3,7,2,4,3,15,8,1,4,8,4,23,0,54,2,3,11,12,3,2,7,23,10,3,19,1,3,10,2,11,7,5,8,4,22,4,10,9,1,9,17,7,4,2,5,5,5,3,9,37,6,22,4,2,12,1,5,7,17,3,12,2,1,1,6,11,1,4,7,4,2,3,3,13,20,11,1,1,10,8,7,12,4,2,6,11,8,6,7,5,5,2,3,2,3,3,1,15,13,2,2,11,1,25,4,2,18,15,3,10,3,2,3,11,3,3,19,3,1,23,8,2,5,11,14];
