trainSet= struct();
trainSet.labels = ['length       ';'lines        ';'includesCount';'loops        ';'vars         '];
trainSet.length = [2656,3474,5700,5459,5050,2790,2763,3178,4309,1828,3581,2312,2239,4279,4021,2305,2164,4532,4534,5707,3199,3891,2858,3565,2092,2341,3859,1334,1941,2456,3210,9022,2569,2328,1617,3084,4970,2809,2332,1841,4496,2292,1088,8018,3226,1815,1671,3462,2223,1950,1714,3800,3634,1397,3840,4746,5998,2458,2052,1676,2337,2292,3158,2695,1994,6266,3778,2929,2946,2167,3897,3065,2680,1829,1367,3001,5406,3204,4278,3018,2143,3090,1507,1664,2339,4094,2285,2025,3137,1590,3480,2552,2816,4068,3108,1715,1488,1969,2073,1600,6635,2033,2083,1817,2204,6247,2709,8369,3591,2880,5555,3531,3692,4719,2118,2828,4838,1932,3469,2310,1953,2482,3129,1917,1584,2387,3132,1091,2099,1677,1871,2431,1616,2112,1354,1665,4735,1870,3273,2092,2356,1588,1590,3010,2834,1862,2529,1156,2841,1999,2138,2099,3539,2352,2782,2224,1198,1505,1654,2864,3474,1987,2600,2781,1782,4106,2128,2032,2098,3008,1655,2655,2842,1958,2285,1962,1859,1597,2077,3348,4476,1868,1492,1886,3715,5037,2209,3121,2155,2902,3092,1696,2348,2510,5197,5225,2537,2344,2253,2483,3166,5577,3056,3385,3900,3605,2698,2656,3092,1510,1988,2512,2010,2438,2635,1476,2594,2382,2637,2802,2531,3056,2342,2020,1874,2015,1465,2038,2919,2478,2131,3249,2791,2248,2399,2220,1294,2070,2119,2187,2344,3484,2419,2221,5603,4762,2290,2814,1350,2872,2935,1396,1817,5331,1975,2754,3483,2082,2716,2453,5012,2784,5033,4265,3212,3630,3159,2925,1179,1816,2127,4855,2549,1891,8590,1619,2290,1718,2801,1654,2456,2672,2908,1577,2776,2124,2361,3149,4058,3839,2155,1549,2451,2001,3341,1591,1948,2440,4761,1586,1637,4300,1885,3072,2663,2201,2351,1160,1852,2128,1735,6773,2694,1478,2147,5708,1909,2508,2159,2397,2598,4057,2202,3885,1597,2588,2002,2927,2702,2278,6078,2530,2959,3169,2127,2566,6212,3273,1669,2532,2961,1409,2045,2655,2816,1212,3348,1619,4270,3812,2657,1445,3124,2521,2102,4353,2366,1478,2679,1351,3014,3156,2134,2274,2033,5175,4574,1748,1920,1394,1635,2374,5496,5605,2767,2455,2271,1755,1652,3895,2044,2010,1841,2275,2427,2821,2568,2778,2736,2453,2461,2745,1093,5542];
trainSet.lines = [150,168,198,148,187,121,176,118,236,115,202,107,121,166,214,133,81,218,159,193,141,149,150,131,116,108,135,143,67,136,127,269,101,89,78,118,100,90,119,113,144,109,45,316,158,90,77,113,105,121,65,150,157,61,124,152,228,86,82,70,80,119,118,130,91,229,113,97,126,98,177,117,132,84,70,103,178,138,107,123,88,131,62,70,117,290,81,77,101,70,123,139,110,193,111,84,74,87,104,75,256,54,87,95,102,200,132,294,105,139,189,114,116,141,107,144,176,84,128,137,103,90,133,104,85,109,124,63,95,83,95,85,90,134,81,83,224,113,111,88,113,75,102,137,124,71,112,66,139,86,130,85,130,79,80,90,69,93,79,104,148,96,97,99,68,150,85,96,108,103,72,140,111,76,110,87,65,80,106,150,171,81,69,80,126,174,94,132,167,120,134,57,115,108,183,220,145,112,102,102,127,190,169,159,118,144,146,121,167,55,80,125,110,102,117,72,89,117,106,132,116,152,104,85,102,91,77,83,102,103,94,106,115,87,132,80,54,107,101,74,90,194,96,89,140,117,82,126,81,133,129,83,81,130,85,81,114,97,142,117,204,109,160,141,95,113,130,151,70,5,91,176,97,93,323,68,90,85,91,83,108,127,86,68,151,89,96,148,133,181,70,82,90,69,119,85,105,140,243,77,74,107,94,111,126,91,106,56,108,96,78,293,109,83,93,180,79,107,94,126,116,171,115,132,99,105,80,75,95,89,199,105,88,98,9,107,264,170,60,106,96,63,107,110,102,72,111,103,167,256,135,77,91,98,104,178,131,68,94,95,110,130,123,93,81,190,199,89,104,75,78,90,251,216,120,84,97,62,73,146,80,84,76,142,96,109,84,84,85,85,85,113,49,241];
trainSet.includesCount = [10,6,22,15,12,15,2,21,13,3,8,5,6,15,14,8,3,6,22,13,15,21,4,19,3,5,19,1,4,14,17,6,24,25,5,9,9,12,4,4,19,2,4,17,21,13,7,27,2,6,5,5,5,14,3,6,4,5,19,10,9,9,19,5,6,18,16,3,19,3,21,19,14,3,3,17,2,15,16,23,17,6,3,3,13,3,14,2,17,2,21,6,6,23,13,12,4,6,3,14,17,22,17,5,3,11,5,4,3,8,20,7,12,19,4,23,7,1,11,18,13,6,14,3,14,17,3,4,14,4,19,4,14,8,5,5,17,4,2,8,3,3,4,14,16,16,6,4,13,8,2,18,16,4,10,17,3,10,3,12,14,8,3,2,3,18,12,14,7,17,8,3,10,2,3,6,18,2,4,5,2,6,2,5,15,14,8,15,5,4,6,4,5,12,6,9,9,13,15,7,18,25,6,7,5,13,10,5,21,4,15,8,13,2,14,3,10,17,17,5,7,10,3,14,2,12,2,8,18,2,15,21,20,9,13,11,2,5,10,4,3,4,13,13,16,17,13,5,4,5,16,2,3,26,4,21,1,2,9,3,5,5,14,16,19,10,23,13,2,0,6,4,14,3,12,2,17,5,6,3,3,15,19,2,21,12,9,14,10,5,21,6,8,4,4,12,5,3,4,13,2,11,13,7,4,16,7,3,3,5,11,8,4,5,17,23,11,17,3,7,8,2,3,25,6,3,6,18,12,3,17,8,15,1,0,6,19,19,16,5,33,14,1,17,22,2,2,2,3,4,11,5,22,18,5,17,11,12,17,3,18,4,16,11,9,3,8,5,14,5,2,8,8,15,21,12,4,3,3,10,6,4,3,12,17,8,4,2,2,12,12,15,3,6];
trainSet.loops = [15,18,5,8,23,1,26,12,4,16,14,1,16,4,2,12,15,19,12,2,7,1,17,3,15,11,26,1,14,10,2,35,1,0,10,3,0,1,9,9,11,22,10,22,0,8,1,1,14,7,7,12,9,2,9,19,21,12,8,8,12,8,1,15,1,11,2,12,1,13,1,2,0,9,8,12,24,0,11,0,9,13,8,9,10,26,2,11,15,13,8,15,9,1,14,0,10,10,2,10,30,1,0,9,12,23,16,29,15,11,16,13,3,1,8,1,3,20,10,12,8,13,12,9,0,13,15,6,2,8,9,12,2,7,1,13,12,10,15,13,12,8,10,2,8,1,15,8,11,0,13,1,15,13,2,9,8,8,8,9,2,4,15,10,9,8,7,12,13,8,0,9,3,8,13,2,1,13,10,8,21,13,8,13,11,20,12,0,7,12,12,0,10,15,12,15,0,19,0,9,0,6,17,11,17,10,0,8,2,9,0,14,0,19,2,15,17,8,12,16,6,12,13,10,15,1,11,1,1,14,10,2,10,8,3,8,15,8,15,9,10,11,7,2,3,14,10,15,7,16,0,8,9,10,9,2,9,9,13,12,14,2,2,0,6,8,0,12,2,0,11,13,1,9,12,10,2,9,12,10,12,9,1,8,1,1,8,11,1,12,8,9,11,10,15,9,17,15,19,0,14,0,7,8,11,2,11,4,9,11,3,20,16,9,10,19,8,7,14,10,14,12,14,16,0,16,7,1,4,9,12,0,1,14,0,10,13,12,5,9,7,1,19,6,1,12,14,11,22,23,15,8,0,9,9,1,10,1,2,3,1,18,0,8,8,21,25,8,8,8,8,12,23,15,11,3,12,8,9,8,9,9,8,11,1,13,9,10,10,3,3,3,10,13];
trainSet.vars = [28,43,28,47,53,21,40,27,37,29,28,16,28,23,35,29,17,34,37,28,33,24,31,11,39,29,50,13,26,23,27,113,26,20,24,22,12,9,19,21,38,14,16,63,24,23,13,21,23,23,19,39,54,13,35,47,55,32,16,29,24,21,32,34,18,30,23,29,15,30,35,31,18,24,18,12,28,26,43,24,20,32,23,25,31,26,22,24,51,18,37,43,18,26,30,24,22,33,18,24,53,6,13,19,26,74,33,53,33,39,44,25,49,26,18,35,33,10,33,31,28,25,39,28,17,37,30,17,18,18,19,17,15,25,18,20,31,20,30,27,28,33,22,26,35,19,28,6,35,14,26,22,15,26,18,27,18,17,19,22,27,20,23,33,19,42,31,23,17,32,16,25,15,22,31,16,17,8,28,20,31,22,13,35,32,21,31,34,27,35,34,8,25,28,27,37,19,39,18,27,33,38,17,49,42,35,11,27,23,14,22,32,19,29,37,26,28,41,29,35,27,44,15,18,27,14,22,19,20,23,27,40,33,24,18,28,3,21,30,6,19,29,28,15,14,44,27,33,22,22,25,20,6,44,24,16,31,17,33,29,32,22,15,34,25,22,22,34,10,0,25,36,15,28,26,20,19,26,27,20,30,30,19,17,11,13,18,30,23,29,27,19,13,22,15,18,37,15,44,15,8,27,20,47,37,18,23,28,22,26,11,56,31,20,23,67,21,11,14,26,26,34,15,49,16,27,30,21,15,32,34,16,16,12,0,14,59,34,5,24,18,13,35,23,23,25,34,25,42,40,31,20,24,33,21,33,27,12,20,22,25,35,23,25,21,37,72,20,15,21,20,32,45,31,37,16,19,15,20,40,17,21,16,30,25,28,25,2,2,16,16,18,9,44];
trainSet.states = [1,1,1,1,1,1,1,1,1,1,1,1,1,1,1,1,1,1,1,1,1,1,1,1,1,0,1,0,0,0,0,1,0,0,0,0,0,0,1,0,0,0,0,1,0,0,0,0,0,0,0,0,0,0,0,0,1,0,0,0,0,0,0,1,0,0,0,0,0,0,0,0,0,0,0,0,1,0,0,0,0,0,0,0,0,1,0,0,0,0,0,0,0,1,0,0,0,0,0,0,0,1,0,0,0,0,1,1,0,0,0,0,0,0,0,1,1,1,1,0,0,0,1,0,0,0,0,0,0,0,0,0,0,0,0,0,0,0,0,0,0,0,0,0,0,0,0,0,0,0,0,0,0,0,0,0,0,0,0,0,1,0,0,0,0,0,0,0,0,0,0,1,0,0,0,0,0,0,0,1,0,0,0,0,0,1,0,0,0,0,0,0,0,0,0,0,0,0,0,0,0,1,0,0,0,0,0,0,0,0,0,0,0,0,0,0,0,0,0,0,0,0,1,0,0,0,0,0,0,0,0,0,0,0,0,0,0,0,0,0,0,0,0,0,0,0,0,0,0,0,0,0,0,0,0,0,0,0,0,0,0,0,0,0,0,0,0,0,0,0,0,0,0,0,0,0,0,0,0,0,0,0,0,0,0,0,0,0,0,0,0,0,0,0,0,0,0,1,0,0,0,0,0,0,0,0,0,0,0,0,0,0,0,0,0,0,0,0,0,0,0,0,0,0,0,0,0,0,0,0,0,0,0,0,0,1,1,0,0,0,0,1,0,0,0,0,0,0,0,1,0,0,0,0,0,0,0,0,0,0,0,0,0,0,0,0,0,0,0,0,0,0,0,0,0,0,0,0,0,0,0,0,0,0,0,0,0,1,1,0,0,0,0,0];
