smallSet= struct();
smallSet.labels = ['length       ';'lines        ';'includesCount';'loops        ';'vars         '];
smallSet.length = [1255,1651,1231,2289,2457,1835,1025,1720,725,1904,1208,1915,2576,1960,647,2271,870,876,3653,1696,1720,1681,912,1779,922,1636,2946,2956,1290,936,1844,1548,874,1450,1481,1063,1828,1377,1893,1138,892,1686,1141,1218,2559,2449,1600,877,1324,1133,1383,1387,1870,1395,1711,1073,1208,2029,3266,1655,938,1902,1566,1957,1468,937,1195,1442,963,2011,760,1333,1913,2098,1473,2108,1046,960,2219,2208,1135,2320,1415,1181,1815,1166,933,4352,1409,940,1405,1461,1370,1451,3474,3588,1145,1404,2525,2253,673,923,3104,1272,1437,1243,979,1340,1732,1749,1597,1469,944,963,1765,2294,2425,1280,2751,1673,3215,1780,1187,1006,1482,1141,1039,925,1407,1549,2423,1774,951,1391,1523,1011,2161,1377,1400,1712,1200,1585,851,1577,2471,1748,1414,1617,2007,1572,13081,2017,2051,1516,2506,1308,1286,1108,873,1707,2248,1624,1124,1515,1286,1796,1078,1007,1604,1711,1645,2030,1656,1637,1493,1299,1496,1489,1813,834,1525,2626,2185,1300,1621,1260,2966,1557,1382,1969,1340,2377,1704,1305,2426,2128,1897,1180,1282,1585,1215,2415,3280,3746,2418,1099,1456,1425,2008,3413,1633,2471,3512,2906,1937,958,1253,999,1557,2804,992,1465,1401,2070,1070,1294,2166,1003,992,1660,1083,2072,2779,1500,2540,1240,1520,1678,1714,1337,2249,1673,1857,1894,1813,1721,925,2439,2256,4123,4569,1731,2349,1919,1387,2335,2259,1117,2465,4078,1790,1743,1953,2288,2693,1178,1879,1599,2245,850,1566,3047,2158,2777,1254,1820,10620,1886,1233,1338,1771,2306,1777,4966,1205,1427,1925,1768,1860,1067,1877,2226,2884,2439,1584,1155,2463,1153,3643,1608,2215,1042,1212,839,1106,1338,2479,1791,1285,1110,2559,1642,2835,1457,1781,1127,971,1366,1792,1757,1782,1261,1210,1728,2001,1776,1392,1552,2949,1168,1803,1837,1411,1395,1753,1714,1427,2183,1668,1734,882,1241,1972,3972,3485,12654,1845,1444,1315,1543,1298,2866,1119,1759,611,1706,1208,1684,1045,1390,1006,2458,1227,1795,3306,1356,4110,1281,3583,934,1293,1353,1465,2139,3092,2379,1212,3472,1320,866,2275,980,1591,1864,3229,2652,1056,1550,3324,1472,1994,777,1574,1248,701,2617,1796,1705,4324,1624,1832,2108,1691,1117,1084,3498,1230,4294,1844,1029,2187,1288,1379,1116,2195,1667,1109,1208,1259,1893,1169,3277,4455,2928,1800,1934,1370,1568,2045,1288,1978,1380,2458,1766,1683,2193,1781,1373,1010,3181,1540,1628,1812,1997,1552,1556,1284,1447,4240,1509,1348,1531,923,4850,1419,1456,1069,940,5627,1647,2487,1621,1162,897,1507,2355,1697,2012,1610,3040,2029,1563,1628,1448,2889,1118,2067,1593,1998,1894,1237,1540,2282,1671,1935,1712,1245,1686,1456,1632,3182,2725,1372,3059,1555,3713,1871,1396,1115,1788,1403,1076,1499,2101,1646,1201,2098,1291,2422,3448,1872,2915,746,822,1705,1192,2002,2133,2626,1684,1452,1692,1314,2037,825,5043,850,2504,3082,822,1702,2385,1390,1748,1852,1740,1625,1908,1768,2363,1507,7595,2196,1476,1806,1873,2105,1579,2267,1271,853,2837,1115,964,3883,2643,1188,1958,885,1658,3897,2024,2108,1479,3604,1247,2230,1689,2222,2239,1736,1342,1009,4215,2061,2038,4151,913,1402,2708,1744,3808,1644,1585,971,1540,1076,2311,2115,1500,1984,2080,3558,1777,1189,1189,866,1360,3566,1563,1022,1424,1150,817,1094,1892,1690,1752,1145,2427,887,2726,3944,2376,1105,1790,5047,1161,1701,3141,1286,1439,2721];
smallSet.lines = [63,48,69,75,58,52,48,62,33,56,50,113,75,77,29,81,45,44,110,72,75,63,50,63,40,68,87,65,65,49,57,90,57,73,67,46,72,75,59,45,49,67,53,60,89,109,74,53,61,58,66,75,64,92,74,44,62,87,80,52,50,104,49,107,61,71,68,64,42,71,39,65,66,101,58,93,54,37,62,63,65,93,86,66,61,84,63,93,64,60,71,56,59,81,92,137,43,55,97,75,34,42,108,56,101,74,53,67,69,62,109,66,36,50,68,86,85,58,108,70,99,70,53,57,85,60,48,49,76,61,83,80,50,65,60,39,77,39,84,49,62,78,44,71,80,78,71,69,60,97,387,61,60,56,90,67,58,54,45,92,70,65,66,67,73,63,67,43,87,66,55,84,71,79,72,72,88,71,82,39,77,98,99,67,61,79,85,62,59,80,67,98,63,82,91,128,85,52,102,93,62,75,103,98,111,58,61,77,70,81,80,130,106,97,82,53,54,55,71,100,56,95,53,67,62,54,83,67,46,56,50,102,128,60,65,79,55,74,58,53,74,77,79,50,89,82,58,70,110,103,131,73,136,79,48,92,81,50,105,107,89,95,71,75,76,48,99,55,110,56,105,115,91,108,67,94,123,73,65,66,64,91,86,183,38,88,109,60,85,60,79,102,83,85,92,62,93,54,189,77,91,51,64,31,36,58,72,100,52,70,154,59,93,74,88,60,48,72,74,58,93,72,62,84,114,104,62,69,137,56,82,101,75,69,81,72,80,83,74,81,48,70,92,117,152,206,73,51,71,56,42,125,78,87,31,95,38,65,86,62,65,96,66,62,99,58,81,63,143,56,33,56,59,76,151,62,61,143,63,48,68,65,74,70,104,99,67,93,111,69,75,46,63,32,45,92,82,69,177,54,67,71,68,42,55,178,63,118,89,66,73,45,78,60,128,54,53,42,36,92,78,141,144,68,78,63,60,60,128,59,69,46,59,69,65,93,94,60,49,103,73,70,88,103,77,59,72,71,166,44,45,86,57,142,92,67,44,49,137,73,120,90,58,45,75,49,70,64,84,126,50,60,97,60,111,56,90,69,82,75,36,79,96,68,72,67,48,35,49,104,112,78,70,125,34,98,106,76,45,73,57,45,39,102,55,85,72,46,90,91,121,157,46,46,50,58,87,85,84,60,70,59,49,124,40,193,61,77,95,46,87,95,63,72,74,72,84,96,74,86,55,359,115,75,63,68,77,52,113,62,50,141,47,49,209,150,67,76,36,49,185,146,117,49,138,72,150,81,146,96,93,53,59,136,95,98,163,50,61,90,93,119,69,92,38,61,56,85,91,69,82,70,88,94,85,85,48,49,92,46,57,52,71,56,61,99,69,61,44,95,53,130,248,117,86,101,292,76,91,115,74,59,60];
smallSet.includesCount = [20,17,4,20,11,11,1,2,1,22,11,9,27,13,1,11,1,9,13,21,9,8,2,25,11,4,19,15,10,2,20,14,4,5,5,10,11,15,10,9,6,13,5,13,22,14,13,2,8,1,6,6,17,2,6,2,3,15,13,12,1,9,11,15,11,1,2,5,8,5,2,7,20,9,11,13,2,13,23,17,3,21,9,2,15,5,2,16,14,1,11,11,5,2,19,21,3,2,7,22,1,3,13,8,2,3,12,1,4,12,3,4,2,4,14,17,23,6,10,10,17,16,1,1,6,2,2,1,4,4,11,7,4,7,12,4,25,13,8,14,6,14,2,5,4,7,7,19,16,14,13,3,17,18,11,16,5,5,6,9,22,4,4,21,6,11,2,11,2,10,7,24,6,9,9,3,3,6,3,2,11,5,11,3,13,1,24,12,2,16,9,14,3,6,5,14,4,16,7,9,7,22,22,26,10,11,7,8,17,15,4,13,21,4,3,1,2,2,12,19,2,1,2,7,4,12,25,2,1,8,6,16,1,19,14,3,7,16,4,16,25,10,16,4,7,13,6,27,9,15,23,9,9,9,2,20,11,2,6,20,14,15,11,6,17,7,8,9,7,5,1,24,14,6,3,15,11,9,9,20,22,3,1,11,1,6,19,3,2,2,7,3,19,9,2,5,19,13,3,5,3,3,3,4,2,2,14,10,3,1,1,10,26,20,10,3,3,6,11,2,4,7,2,2,4,18,13,12,12,1,9,7,8,6,13,11,1,6,12,2,6,7,4,0,21,9,5,20,8,17,8,6,2,9,4,1,15,14,1,16,3,17,5,12,12,3,26,8,6,7,17,13,8,2,9,13,11,17,6,7,15,3,23,3,15,19,6,2,13,3,4,1,14,14,3,32,12,3,7,16,3,13,11,6,2,9,5,7,11,1,18,9,14,2,11,5,4,11,12,10,3,15,27,2,16,30,13,12,8,6,18,9,28,8,24,14,14,14,1,21,12,6,2,10,19,1,2,14,4,17,15,3,1,22,2,3,3,3,23,4,9,6,12,12,7,19,11,19,3,4,23,10,4,15,14,4,13,10,14,16,3,1,20,5,12,20,2,18,3,5,5,16,4,15,16,6,3,14,4,5,9,1,21,21,14,2,3,25,3,13,11,14,2,2,11,8,16,2,18,4,6,14,12,2,3,13,3,9,14,2,6,5,4,15,7,7,6,2,14,8,2,15,8,1,5,17,25,3,1,4,3,8,2,4,1,3,2,18,3,12,12,2,4,1,16,6,3,19,4,10,8,4,4,14,13,6,4,2,9,8,2,13,6,3,3,5,4,12,20,3,5,23,17,9,1,1,1,1,3,7,2,2,4,1,8,7,4,12,1,6,3,21,4,6,1,1,8,3,6,7,8,3,20];
