largeSet= struct();
largeSet.labels = ['length        ';'lines         ';'includesCount ';'includesLength';'definesCount  ';'definesLength ';'commentsLength';'commentsCount ';'loops         ';'vars          ';'int           ';'float         ';'double        ';'char          ';'long          ';'depth         ';'deepLength    ';'deepCount     ';'for           ';'while         ';'if            ';'else          ';'switch        ';'maxConstant   ';'functionCount ';'set           ';'priority_queue';'map           ';'multimap      ';'queue         ';'stack         ';'list          ';'vector        ';'unordered_map ';'unordered_set '];
largeSet.length = [4304,3418,2656,3474,4050,5700,3425,5459,5050,2762,4982,3696,2790,3925,2862,2763,3709,2734,3026,2702,3178,2245,1995,1809,4309,1828,3581,3604,3828,2204,2312,3123,2239,3135,3377,4279,3794,4021,4536,2221,2305,2164,3184,4532,4534,2643,5707,3980,3199,2345,2659,3891,2858,3565,3463,5233,2092,959,3859,9022,4683,3765,3273,2332,8018,3209,5998,4537,3115,2346,2695,4161,4009,5406,4094,3619,4068,3589,4593,2033,3528,4377,2709,8369,2498,6624,3067,2828,1832,4838,1932,3469,6274,3129,3474,99,2655,3181,3348,5037,4198,3971,4110,5577,3298,5085,2342,3809,2932,2440,3627,2566,6212,1409,3812,6450,2778,2736];
largeSet.lines = [168,131,150,168,200,198,143,148,187,116,280,152,121,170,121,176,160,122,137,143,118,79,102,81,236,115,202,188,147,113,107,154,121,108,122,166,186,214,226,116,133,81,165,218,159,95,193,191,141,114,142,149,150,131,167,311,116,18,135,269,184,191,167,119,316,141,228,222,160,107,130,174,178,178,290,174,193,143,157,54,200,157,132,294,148,284,181,144,96,176,84,128,244,133,148,7,140,111,150,174,205,160,140,190,144,263,104,137,102,140,169,107,264,63,256,260,84,85];
largeSet.includesCount = [5,7,10,6,3,22,14,15,12,0,14,7,15,15,3,2,5,5,11,11,21,5,1,3,13,3,8,13,13,7,5,5,6,4,3,15,2,14,9,14,8,3,16,6,22,4,13,15,15,8,4,21,4,19,3,3,3,1,19,6,11,16,6,4,17,11,4,5,12,4,5,16,17,2,3,9,23,4,20,22,8,10,5,4,16,11,1,23,8,7,1,11,9,14,14,1,3,2,5,14,6,16,13,25,6,13,3,15,2,3,3,6,19,14,4,4,2,2];
largeSet.includesLength = [75,120,184,108,58,377,241,295,216,0,248,118,239,254,54,34,87,91,191,186,360,93,18,49,221,53,145,234,211,124,93,89,106,78,50,254,34,250,169,255,141,55,285,110,383,76,211,258,256,146,77,361,75,318,59,60,49,20,325,97,194,270,113,67,291,195,72,92,203,70,85,294,287,37,51,162,420,74,342,399,144,185,85,73,285,205,18,396,130,126,17,194,159,251,252,19,57,37,95,274,112,272,230,456,118,235,57,268,36,58,49,116,358,239,75,62,37,37];
largeSet.definesCount = [0,0,0,0,0,10,1,9,11,0,4,0,11,0,0,0,0,0,9,3,12,2,2,1,14,0,0,19,22,0,6,0,0,0,0,7,1,16,0,0,2,2,11,0,3,0,22,0,4,0,0,13,0,9,1,0,0,4,0,5,0,14,0,0,28,0,0,0,3,0,1,18,4,0,0,5,14,0,2,22,0,0,0,0,7,0,0,10,9,29,0,0,0,0,7,0,1,5,0,0,3,22,28,11,3,11,0,6,0,0,0,0,10,4,0,1,0,0];
largeSet.definesLength = [0,0,0,0,0,369,49,308,383,0,184,0,402,0,0,0,0,0,273,114,398,118,80,14,392,0,0,699,711,0,245,0,0,0,0,314,17,492,0,0,96,38,340,0,147,0,707,0,176,0,0,423,0,306,17,0,0,60,0,261,0,301,0,0,1149,0,0,0,181,0,32,822,250,0,0,193,550,0,32,673,0,0,0,0,257,0,0,306,238,1516,0,0,0,0,304,0,16,72,0,0,72,797,942,504,95,462,0,261,0,0,0,0,334,71,0,25,0,0];
largeSet.commentsLength = [295,0,50,0,269,661,186,660,81,262,73,380,6,46,0,0,428,0,262,137,0,0,17,0,375,0,118,0,59,0,0,0,0,100,325,660,433,271,98,51,198,48,20,540,0,0,32,436,263,0,0,412,53,36,619,303,0,673,10,522,0,0,158,132,965,39,60,645,173,0,25,117,32,413,127,269,0,638,364,0,0,0,136,2487,0,713,0,0,0,452,110,693,402,397,335,0,0,42,181,687,984,85,164,14,182,689,0,0,0,135,437,13,200,34,239,136,97,26];
largeSet.commentsCount = [2,0,2,0,4,11,5,11,3,9,3,6,1,2,0,0,7,0,7,2,0,0,1,0,15,0,6,0,2,0,0,0,0,2,2,20,9,4,6,2,4,1,1,18,0,0,1,5,5,0,0,18,1,2,10,12,0,1,2,22,0,0,4,7,26,1,3,15,6,0,1,3,1,3,4,8,0,17,7,0,0,0,4,14,0,24,0,0,0,17,2,15,13,15,12,0,0,2,3,22,24,6,4,1,9,15,0,0,0,9,12,1,11,1,5,4,2,1];
largeSet.loops = [15,19,15,18,26,5,21,8,23,10,1,19,1,10,16,26,14,19,9,14,12,16,15,11,4,16,14,1,2,16,1,19,16,18,24,4,15,2,20,10,12,15,0,19,12,15,2,18,7,17,18,1,17,3,17,23,15,1,26,35,31,23,17,9,22,21,21,29,9,12,15,13,6,24,26,22,1,16,25,1,13,14,16,29,1,21,14,1,1,3,20,10,20,12,2,0,9,10,8,20,18,3,3,6,18,2,13,23,15,15,15,10,13,1,23,16,10,10];
largeSet.vars = [49,39,28,43,47,28,49,47,53,17,32,39,21,21,27,40,33,24,21,38,27,24,15,20,37,29,28,34,23,34,16,29,28,28,52,23,40,35,37,28,29,17,20,34,37,23,28,46,33,15,34,24,31,11,17,54,39,3,50,113,13,55,43,19,63,38,55,60,32,29,34,39,25,28,26,40,26,35,44,6,39,43,33,53,26,38,24,35,16,33,10,33,68,39,27,1,25,20,20,21,14,33,27,38,18,31,15,36,30,15,38,14,59,13,40,40,2,2];
largeSet.int = [49,39,28,43,47,26,42,45,50,17,29,39,18,18,27,40,33,24,19,34,25,24,15,18,29,29,25,31,19,32,16,29,28,28,52,18,37,30,37,28,27,17,18,34,32,23,24,46,31,15,34,21,31,7,16,54,39,3,46,113,10,44,43,19,61,38,55,60,30,28,31,33,25,28,26,37,22,35,44,5,36,42,33,53,23,38,24,35,13,26,10,33,66,36,25,1,25,17,19,21,14,27,27,34,18,25,15,33,30,15,38,13,49,11,40,38,2,2];
largeSet.float = [0,0,0,0,0,0,0,0,0,0,0,0,0,0,0,0,0,0,0,0,0,0,0,0,0,0,0,0,0,0,0,0,0,0,0,0,0,0,0,0,0,0,0,0,0,0,0,0,0,0,0,0,0,0,0,0,0,0,0,0,0,0,0,0,0,0,0,0,0,0,0,0,0,0,0,0,0,0,0,0,0,0,0,0,0,0,0,0,0,0,0,0,0,0,0,0,0,0,0,0,0,0,0,0,0,0,0,0,0,0,0,0,0,0,0,0,0,0];
largeSet.double = [0,0,0,0,0,0,5,0,1,0,1,0,1,0,0,0,0,0,0,1,0,0,0,0,3,0,0,0,1,0,0,0,0,0,0,1,0,2,0,0,0,0,2,0,1,0,1,0,0,0,0,1,0,0,0,0,0,0,1,0,0,4,0,0,0,0,0,0,0,1,0,1,0,0,0,1,1,0,0,0,0,0,0,0,0,0,0,0,1,1,0,0,0,0,0,0,0,0,0,0,0,1,0,2,0,1,0,3,0,0,0,0,2,0,0,0,0,0];
largeSet.char = [0,0,0,0,0,0,0,0,0,0,0,0,0,3,0,0,0,0,0,0,0,0,0,2,0,0,1,1,0,0,0,0,0,0,0,0,3,0,0,0,0,0,0,0,2,0,0,0,0,0,0,0,0,0,1,0,0,0,0,0,1,1,0,0,0,0,0,0,0,0,3,0,0,0,0,0,0,0,0,1,1,1,0,0,1,0,0,0,0,3,0,0,2,1,0,0,0,0,1,0,0,0,0,0,0,0,0,0,0,0,0,1,3,0,0,0,0,0];
largeSet.long = [0,0,0,0,0,2,2,2,2,0,2,0,2,0,0,0,0,0,2,3,2,0,0,0,5,0,2,2,3,2,0,0,0,0,0,4,0,3,0,0,2,0,0,0,2,0,3,0,2,0,0,2,0,4,0,0,0,0,3,0,2,6,0,0,2,0,0,0,2,0,0,5,0,0,0,2,3,0,0,0,2,0,0,0,2,0,0,0,2,3,0,0,0,2,2,0,0,3,0,0,0,5,0,2,0,5,0,0,0,0,0,0,5,2,0,2,0,0];
largeSet.depth = [5,6,4,5,7,5,6,4,5,6,5,5,5,5,6,3,5,7,5,3,5,4,4,4,4,5,5,3,5,5,5,4,7,5,4,6,5,5,5,4,5,5,6,9,6,5,4,4,7,5,4,5,7,5,4,4,5,2,6,5,5,6,6,5,6,6,6,5,7,6,7,4,5,9,5,4,5,5,4,2,4,7,4,5,4,6,5,5,3,4,7,5,5,5,7,1,4,6,4,6,4,6,4,8,4,7,5,5,5,3,7,7,6,2,5,6,7,7];
largeSet.deepLength = [111,95,62,85,127,78,70,400,145,127,187,52,123,92,115,378,146,42,84,423,188,36,244,180,108,108,106,173,85,74,142,183,55,132,37,154,66,97,50,65,40,84,171,66,98,391,856,140,59,327,53,117,121,422,167,146,159,44,771,235,285,74,40,119,41,154,104,102,48,44,74,102,141,96,48,376,170,102,131,149,63,61,59,323,77,96,305,200,103,71,107,217,180,116,50,43,395,167,399,220,540,166,254,146,374,143,85,489,380,554,71,82,114,234,117,202,166,164];
largeSet.deepCount = [3,3,3,3,7,3,3,17,5,5,8,5,6,3,4,19,3,2,6,26,7,0,10,9,7,11,4,11,3,3,9,12,3,5,0,8,3,6,3,4,3,3,10,5,3,9,23,9,3,11,4,6,7,14,13,8,9,3,20,7,7,4,3,4,2,7,3,8,3,3,4,6,4,2,3,22,9,6,10,10,3,2,3,12,6,2,9,12,7,0,6,10,7,4,3,3,14,4,16,6,24,7,14,3,15,9,3,14,11,34,2,2,6,10,6,6,3,3];
largeSet.for = [12,16,14,16,23,1,19,1,22,8,0,18,0,9,16,26,13,18,6,14,12,15,15,11,2,15,13,1,0,16,0,18,15,17,24,0,15,0,19,10,10,13,0,16,12,13,0,17,6,15,18,0,16,2,16,23,13,0,23,33,29,23,15,9,20,21,18,26,7,12,12,12,1,23,23,20,0,16,22,1,13,13,16,28,0,19,14,0,0,1,19,9,19,10,1,0,8,10,8,18,18,3,3,5,18,0,12,20,15,14,14,9,8,1,23,12,8,8];
largeSet.while = [3,3,1,2,3,4,2,7,1,2,1,1,1,1,0,0,1,1,3,0,0,1,0,0,2,1,1,0,2,0,1,1,1,1,0,4,0,2,1,0,2,2,0,3,0,2,2,1,1,2,0,1,1,1,1,0,2,1,3,2,2,0,2,0,2,0,3,3,2,0,3,1,5,1,3,2,1,0,3,0,0,1,0,1,1,2,0,1,1,2,1,1,1,2,1,0,1,0,0,2,0,0,0,1,0,2,1,3,0,1,1,1,5,0,0,4,2,2];
largeSet.if = [13,9,11,12,18,16,11,19,20,12,15,21,13,9,12,7,12,12,9,15,9,9,7,10,20,8,11,18,10,11,15,13,11,16,20,17,19,14,11,12,8,8,16,17,15,7,29,11,10,11,10,19,13,11,14,11,8,0,16,25,16,15,21,7,21,18,18,18,8,15,12,9,12,14,28,14,10,17,19,8,11,13,15,17,12,13,7,10,8,18,13,5,16,6,14,0,10,7,7,13,17,16,11,11,15,20,8,8,8,18,13,7,28,8,13,26,5,5];
