largeSet= struct();
largeSet.labels = ['length        ';'lines         ';'includesCount ';'includesLength';'definesCount  ';'definesLength ';'commentsLength';'commentsCount ';'loops         ';'vars          ';'int           ';'float         ';'double        ';'char          ';'long          ';'depth         ';'deepLength    ';'deepCount     ';'for           ';'while         ';'if            ';'else          ';'switch        ';'maxConstant   ';'functionCount ';'set           ';'priority_queue';'map           ';'multimap      ';'queue         ';'stack         ';'list          ';'vector        ';'unordered_map ';'unordered_set '];
largeSet.length = [2233,1885,2895,3185,3622,1909,2144,2940,7302,2831,3018,2546,6758,4167,2749,4023,4247,1898,3055,2904,7083,1929,3956,1874,2106,2776,1790,2975,5089,3517,2044,3554,2269,1423,2316,12298,2889,2535,3037,2306,1230,2828,2718,3195,2061,2443,2232,1089,3140,1904,2160,2447,1909,3676,2668,2546,2850,2771,1707,3285,1733,2588,3266,2147,2073,1680,1358,2216,1856,1015,4776,1906,3102,1315,5092,1978,2224,2965,3104,4096,5154,1888,2952,4515,1697,3584,1159,1165,1435,4616,3141,2057,3324,2848,2291,3531,1987,1600,1341,1395,3297,1335,1618,2489,2318,2387,1456,2081,1614,2446,2034,5355,1257,2123,2621,2729,3010,2680,2474,2665,1374,2822,1931,2303,1656,1923,827,2569,3263,1450,2038,3020,2561,5715,3175,1133,8185,1209,569,2925,1347,3112,1653,1695,1447,2165,2378,1835,2135,1888,3053,1668,1933,2220,2178,1202,1700,1815,2209,1414,2271,2766,3895,1682,1274,3198,3433,1743,3161,3810,762,2318,2262,1514,4607,1389,1606,2693,2943,2222,1726,1256,2553,1118,3356,1830,1891,1626,2858,1822,1850,2559,1191,1322,1808,1147,984,2147,1136,5050,2020,1488,1941,1766,1602,2554,882,1260,2088,1267,1770,46387,1062,2041,4587,1687,826,2757,1768,2310,1879,2329,1075,1657,1269,1377,1774,1162,1647,3425,1228,923,2888,1048,1729,1794,933,2235,1568,2950,1767,699,3645,4271,6069];
largeSet.lines = [89,106,102,122,155,80,112,112,337,114,113,82,149,154,115,176,152,85,145,130,225,70,155,88,99,100,86,110,171,172,94,97,81,54,79,449,140,133,88,98,50,90,143,97,118,99,86,51,125,84,85,97,73,246,118,114,134,93,86,103,66,97,108,89,70,59,50,102,87,46,168,93,140,51,147,107,92,104,163,173,150,71,133,203,75,135,58,47,77,228,118,75,114,117,114,172,53,96,66,72,137,89,73,93,94,81,70,89,90,90,65,164,58,93,100,113,90,125,90,94,75,119,61,134,87,85,42,82,144,50,78,124,95,175,117,58,245,42,34,99,76,152,78,60,88,106,126,45,66,67,103,74,79,91,106,44,98,115,92,48,87,107,233,70,65,108,147,121,145,186,36,100,82,66,108,41,59,100,78,96,72,53,98,59,134,118,74,74,91,89,83,123,51,60,104,74,49,95,56,142,61,57,53,96,86,61,84,80,91,110,59,1142,55,83,156,62,29,102,81,77,88,110,69,79,74,56,64,50,78,156,60,49,127,76,55,117,38,81,102,77,82,32,168,228,233];
largeSet.includesCount = [10,5,4,2,15,4,4,12,18,12,16,4,36,15,17,11,14,6,9,9,19,20,15,5,9,5,6,22,21,5,5,15,18,4,12,30,16,4,5,4,2,22,5,3,4,16,22,3,18,5,20,4,4,0,11,17,13,12,9,22,3,24,8,7,15,17,9,11,4,7,25,7,26,9,12,2,5,10,16,13,19,2,5,8,18,6,2,7,5,7,10,14,21,5,15,5,10,11,15,2,9,1,7,19,18,13,8,12,10,15,5,23,5,13,17,10,13,3,24,13,6,15,20,19,2,7,1,24,8,3,9,9,8,23,23,4,15,16,3,6,3,16,9,11,2,2,11,3,13,13,12,8,23,14,14,11,12,7,7,9,11,4,6,5,2,19,9,6,4,30,4,13,14,5,11,10,2,17,17,2,9,4,10,1,4,6,3,4,13,19,10,11,3,7,6,6,3,14,10,20,3,10,16,4,1,18,9,3,13,10,12,23,2,16,22,22,2,1,6,22,2,4,3,3,2,4,3,6,5,13,4,3,7,2,15,5,3,2,5,26,22,2,19,4,22];
largeSet.includesLength = [180,91,83,36,274,69,71,205,310,204,276,70,642,253,311,196,248,104,151,165,396,342,268,87,157,84,108,406,376,92,95,274,325,75,216,659,268,72,88,62,36,402,93,50,78,288,376,56,327,97,342,80,70,0,186,289,230,206,158,400,58,441,147,131,269,310,164,184,72,123,458,126,473,166,204,37,95,185,272,232,351,35,88,152,314,107,39,121,92,112,180,238,360,92,267,91,180,184,251,31,165,19,126,334,308,220,134,203,173,255,93,394,89,233,271,167,231,58,432,225,104,252,361,324,37,123,19,440,141,54,144,153,143,418,420,73,258,269,57,106,52,288,151,198,32,36,188,57,237,207,189,148,397,242,235,190,202,121,127,142,186,75,105,94,33,323,175,100,71,534,72,233,257,89,187,170,33,294,286,39,170,73,158,19,71,107,51,75,233,343,160,194,51,132,105,105,51,250,177,343,55,182,289,66,19,312,150,59,204,189,205,440,35,286,376,377,38,19,113,403,39,77,55,60,38,78,57,114,90,232,75,54,133,38,250,92,54,38,83,450,399,38,358,74,387];
largeSet.definesCount = [0,0,0,0,23,0,0,1,10,2,0,0,62,28,14,0,7,0,0,3,5,2,13,0,0,17,0,11,16,3,0,20,11,0,10,4,14,2,0,0,0,2,0,0,0,3,14,0,9,0,2,1,0,0,3,29,0,18,4,14,0,13,5,0,11,2,0,2,0,0,2,2,8,1,4,0,0,0,0,12,16,0,1,0,0,3,0,6,0,0,10,3,2,0,0,0,10,0,2,1,0,0,0,0,8,12,0,0,0,0,1,5,0,6,17,1,19,0,11,1,1,8,18,3,0,0,0,5,0,0,5,0,0,1,14,0,5,9,0,4,0,14,11,1,1,0,4,0,13,21,10,0,1,0,0,0,0,0,0,9,1,0,1,0,0,14,1,3,0,0,0,8,9,3,0,6,0,8,22,0,0,1,3,0,1,0,0,0,10,0,6,4,0,4,0,1,3,5,0,29,1,0,9,0,0,23,0,0,21,0,7,56,0,17,27,10,0,0,0,12,0,0,0,0,0,0,0,2,0,5,0,0,4,0,3,1,0,0,0,22,2,0,10,0,15];
largeSet.definesLength = [0,0,0,0,851,0,0,18,395,87,0,0,2430,1149,407,0,255,0,0,195,166,33,348,0,0,531,0,365,608,62,0,847,477,0,361,163,316,48,0,0,0,88,0,0,0,176,446,0,303,0,132,26,0,0,85,846,0,572,190,552,0,500,111,0,353,129,0,30,0,0,58,70,241,15,95,0,0,0,0,442,731,0,20,0,0,55,0,177,0,0,248,152,131,0,0,0,308,0,42,50,0,0,0,0,342,236,0,0,0,0,15,403,0,115,537,53,680,0,433,21,36,168,554,114,0,0,0,161,0,0,156,0,0,22,550,0,232,325,0,137,0,685,335,108,34,0,163,0,288,714,310,0,35,0,0,0,0,0,0,240,45,0,22,0,0,922,19,83,0,0,0,204,207,47,0,198,0,393,1180,0,0,31,122,0,16,0,0,0,361,0,169,159,0,194,0,17,62,217,0,867,20,0,385,0,0,1087,0,0,597,0,154,2771,0,446,1331,369,0,0,0,311,0,0,0,0,0,0,0,42,0,68,0,0,149,0,113,58,0,0,0,701,79,0,334,0,723];
largeSet.commentsLength = [21,20,0,64,204,0,194,0,811,57,0,0,474,46,78,173,1027,116,280,0,1327,77,167,247,0,0,0,117,179,221,191,444,233,149,34,2275,0,116,0,47,0,3,0,604,23,115,32,21,82,21,277,24,0,238,0,138,135,87,0,135,0,0,576,0,0,0,6,0,0,0,127,237,0,0,0,0,0,0,252,168,1235,2,452,293,0,0,0,0,0,844,305,0,0,12,133,858,48,0,0,0,0,0,37,76,8,34,87,152,88,0,43,98,0,0,0,18,320,0,0,143,0,525,122,139,0,0,0,23,0,0,289,195,275,220,27,0,285,0,0,40,0,225,26,13,0,0,21,219,44,56,31,0,158,36,0,0,80,246,0,87,0,0,409,0,30,20,1080,0,129,0,0,77,592,0,1906,179,0,117,205,0,0,0,0,0,0,0,0,0,20,0,172,198,20,0,0,0,78,32,0,37,1014,0,0,36,0,35,0,44,25,0,122,2144,0,192,90,15,0,0,0,10,39,152,0,0,0,282,0,0,52,240,0,0,0,0,359,38,0,98,26,81,143,0,28,12,193];
largeSet.commentsCount = [1,2,0,2,3,0,5,0,17,4,0,0,19,2,2,8,3,3,6,0,33,2,1,7,0,0,0,1,5,5,4,3,5,1,1,46,0,6,0,2,0,1,0,10,1,3,6,1,1,1,8,1,0,8,0,2,1,2,0,5,0,0,2,0,0,0,1,0,0,0,4,7,0,0,0,0,0,0,5,4,2,1,5,5,0,0,0,0,0,25,5,0,0,1,7,16,1,0,0,0,0,0,2,4,1,1,2,7,5,0,1,3,0,0,0,1,8,0,0,3,0,8,3,4,0,0,0,1,0,0,4,9,6,2,1,0,14,0,0,2,0,5,1,1,0,0,1,3,1,2,1,0,4,1,0,0,3,13,0,3,0,0,17,0,4,1,18,0,5,0,0,2,24,0,3,2,0,4,4,0,0,0,0,0,0,0,0,0,2,0,2,6,1,0,0,0,2,1,0,3,8,0,0,1,0,1,0,2,1,0,2,70,0,4,5,1,0,0,0,1,4,7,0,0,0,4,0,0,1,6,0,0,0,0,4,1,0,4,1,2,4,0,1,4,6];
largeSet.loops = [10,12,14,21,0,10,12,29,7,2,26,25,2,14,3,16,4,15,17,10,15,8,27,14,9,0,14,1,8,15,15,5,0,12,8,32,23,12,26,25,9,28,20,13,19,5,6,9,1,20,9,18,10,11,5,7,23,14,1,1,13,0,12,11,1,10,11,9,11,9,24,3,18,6,25,20,10,12,15,14,8,16,26,17,11,12,11,3,13,12,21,3,15,24,16,17,7,8,9,6,17,10,8,17,4,14,10,12,9,9,11,21,15,11,5,17,2,15,2,14,1,5,0,6,8,15,5,10,15,14,2,18,15,21,0,10,2,3,5,27,12,4,4,9,14,18,10,14,8,1,11,11,10,12,11,12,13,11,16,8,6,12,13,14,14,4,17,8,21,20,7,8,8,10,17,1,5,3,11,15,9,8,4,8,12,16,15,12,23,11,14,3,9,3,10,11,7,1,7,11,7,7,9,15,6,1,6,9,1,6,8,63,7,0,11,3,6,31,8,8,11,18,11,11,12,9,10,7,6,5,10,13,3,11,1,7,8,11,9,2,2,9,5,23,0];
